225
238
116
193
49
22
72
190
120
50
84
37
207
166
241
205
267
100
87
95
191
97
243
29
0
106
249
26
128
284
200
119
137
12
42
145
245
90
40
31
150
117
39
33
138
99
158
30
197
115
29
16
94
161
73
201
31
112
75
286
16
224
202
104
265
109
249
244
221
96
263
9
167
162
169
182
249
2
206
34
226
209
138
34
94
34
185
247
183
122
73
130
137
89
142
67
226
273
269
67
276
18
160
159
236
92
103
164
156
226
168
168
226
191
207
98
36
57
134
285
91
155
258
281
244
231
47
248
285
283
160
222
86
158
153
23
240
236
84
166
48
127
151
37
115
143
276
181
261
70
29
77
103
279
97
199
222
123
263
164
265
81
101
27
248
155
211
218
122
127
62
111
102
229
96
15
267
281
112
171
171
219
12
31
33
235
37
176
35
162
251
156
87
37
197
83
280
283
245
242
272
99
255
71
47
214
289
145
1
181
74
289
180
170
274
143
87
271
86
7
149
101
193
187
60
109
142
237
5
149
266
209
10
22
79
94
47
282
146
92
86
48
156
181
21
136
171
122
131
175
270
243
111
273
117
99
251
214
182
170
195
235
8
213
31
203
111
176
232
61
261
253
71
70
160
211
89
20
78
215
171
131
114
49
144
138
193
210
114
168
22
2
190
216
96
40
26
111
77
285
245
198
199
148
289
196
169
166
80
255
91
250
120
42
146
165
130
8
145
165
169
80
265
280
259
259
50
218
232
122
91
99
79
28
17
218
175
102
62
178
42
264
7
129
210
79
65
94
128
111
151
179
83
225
158
281
208
10
68
110
49
21
43
269
77
14
203
122
118
136
266
132
133
92
115
244
232
43
59
89
288
214
19
16
56
230
260
34
88
162
219
276
54
214
17
23
191
249
248
203
57
192
178
184
18
219
34
231
169
56
204
243
177
139
42
165
55
169
75
282
125
178
96
202
63
150
15
140
219
263
148
204
188
39
157
287
48
128
287
42
158
162
171
204
226
95
155
239
152
73
177
135
222
190
186
156
183
247
31
62
277
101
250
207
122
209
101
84
137
119
261
40
200
112
226
28
273
76
215
0
249
220
40
61
117
192
5
106
165
217
184
157
178
60
16
187
34
62
64
122
128
28
186
133
159
84
159
124
171
178
275
66
235
215
86
93
194
94
45
160
129
281
181
254
246
271
6
112
281
16
32
30
138
146
8
46
153
246
246
113
236
190
222
43
98
174
246
13
135
265
66
207
166
174
11
191
115
111
80
51
74
86
141
43
270
274
190
189
211
267
230
203
65
45
160
38
285
152
6
266
154
249
117
237
131
225
54
88
35
246
33
116
127
272
58
198
101
163
137
26
169
222
176
167
77
53
103
4
205
129
137
240
3
142
71
173
247
121
17
139
137
274
171
103
184
28
64
159
252
242
204
59
14
28
2
25
192
126
25
144
286
194
27
40
218
89
221
154
222
59
100
115
45
247
139
139
167
279
277
29
8
122
275
285
51
110
159
262
134
143
124
176
214
236
80
112
147
61
66
264
223
245
35
70
93
46
198
179
154
13
110
164
109
185
99
70
14
118
3
264
43
196
233
254
147
42
177
207
66
231
127
115
148
226
211
286
148
248
255
65
121
246
3
58
140
225
226
66
283
32
168
133
45
0
209
16
255
36
198
130
30
76
156
88
18
37
102
276
264
10
203
33
128
235
114
49
143
3
215
99
222
243
205
65
279
283
42
177
94
213
156
146
109
240
71
12
208
145
242
244
219
277
57
20
78
185
66
91
144
111
162
170
105
145
6
225
41
258
165
23
93
284
107
111
66
169
124
239
76
157
33
95
59
146
115
251
134
289
63
189
269
13
61
240
50
262
272
209
200
249
24
283
197
51
198
121
98
39
253
225
78
90
190
158
14
19
252
76
29
127
163
229
230
56
273
128
266
142
21
52
73
284
105
13
110
179
229
79
59
83
110
238
206
45
41
287
202
29
178
121
132
157
274
168
61
36
21
208
99
71
114
43
203
177
214
289
129
188
76
108
10
146
273
158
8
259
217
222
220
109
58
256
81
56
38
56
135
180
233
250
202
91
257
288
183
77
163
269
43
20
130
69
8
129
88
72
186
67
9
131
279
80
277
236
96
5
154
203
215
196
282
279
148
229
117
281
162
41
21
136
80
66
289
156
128
8
98
202
115
146
64
199
278
78
73
28
48
187
240
207
65
151
214
99
31
128
219
203
169
56
52
215
169
11
24
118
198
205
43
98
