51
177
70
217
95
255
12
268
47
138
141
230
37
159
141
80
126
156
151
158
113
71
249
18
248
243
255
206
186
274
86
178
135
142
231
43
237
139
89
19
226
181
92
165
182
265
152
210
47
147
235
152
195
289
269
134
81
68
183
112
22
7
216
34
132
190
50
168
191
229
124
236
223
200
74
167
180
23
197
286
109
60
208
45
244
17
32
255
268
221
184
74
223
138
123
68
274
110
136
93
261
42
30
68
232
122
180
3
16
192
97
66
65
185
125
61
272
175
155
134
247
139
84
76
160
113
273
177
159
27
79
21
75
64
127
205
282
159
218
170
115
41
265
104
127
143
91
164
183
193
6
180
28
128
54
162
77
268
215
255
228
275
3
81
248
98
239
283
7
70
150
47
278
178
127
187
125
184
244
288
260
11
56
115
155
193
161
69
57
62
83
177
190
285
151
147
98
56
233
26
122
265
287
238
179
282
23
218
239
197
256
198
76
109
62
93
74
231
21
260
21
95
200
59
110
181
140
272
75
91
284
111
191
118
13
112
93
265
262
101
92
2
227
109
239
98
90
69
255
104
289
261
89
64
195
263
263
147
188
57
189
202
74
51
107
84
146
0
279
37
147
141
150
86
66
269
104
195
118
147
93
235
115
81
16
286
117
36
254
269
37
193
238
249
32
263
285
43
94
29
87
66
101
6
250
128
37
10
162
224
274
109
199
150
127
122
270
260
289
98
6
258
50
23
100
206
32
3
156
192
15
279
215
119
31
10
41
213
116
284
211
116
230
270
286
252
24
103
81
102
155
289
114
204
244
152
182
251
107
15
147
267
40
190
74
150
145
211
113
194
226
107
124
181
285
15
116
237
268
177
60
129
233
141
191
95
2
49
225
126
12
248
169
38
145
220
146
50
206
274
149
186
48
161
288
253
258
117
149
41
151
62
56
154
16
248
126
104
90
3
265
45
71
8
142
265
106
156
274
275
120
183
264
204
160
170
209
123
139
13
171
84
22
159
137
269
127
147
20
77
4
182
179
138
99
163
159
68
225
92
254
35
90
182
107
201
144
169
227
223
239
202
238
279
101
122
229
97
153
161
225
40
157
241
286
79
11
263
199
274
52
68
225
137
47
180
87
188
172
41
135
192
179
19
194
284
251
104
97
26
195
269
18
27
48
95
236
200
12
260
280
91
25
225
123
165
205
193
227
116
75
272
43
70
262
260
161
120
113
1
226
39
135
72
229
239
214
89
37
262
224
223
238
237
164
274
158
212
221
247
69
281
63
50
90
21
95
212
155
161
23
235
131
77
2
178
240
21
61
279
17
2
98
11
209
186
44
62
37
166
224
253
30
182
37
178
115
168
171
123
89
156
88
183
137
109
79
9
220
247
139
74
251
146
278
127
54
264
177
35
61
54
285
153
97
6
55
193
107
235
218
166
132
237
209
249
20
245
228
226
139
195
1
123
136
255
163
78
158
31
234
287
22
211
20
170
42
269
31
235
108
220
51
168
137
208
205
28
230
280
168
41
31
165
192
23
44
222
188
53
214
53
253
10
270
183
209
114
30
189
75
37
234
62
175
175
39
100
111
232
186
188
195
29
225
207
276
10
263
140
263
195
282
70
231
159
7
171
112
57
131
160
114
84
22
61
118
215
287
190
58
25
72
106
181
201
245
229
51
62
250
206
43
271
173
191
26
95
59
47
105
273
265
87
19
247
234
224
126
205
15
271
208
84
2
262
272
115
48
183
2
125
62
194
213
262
53
215
160
36
85
194
43
204
173
51
23
195
75
35
194
68
206
98
146
131
195
196
256
136
157
17
201
76
79
241
163
258
105
166
285
225
219
68
187
227
120
74
34
166
20
173
91
102
50
170
98
189
54
116
120
5
34
217
96
136
237
144
58
23
141
203
145
19
265
177
129
181
132
272
84
287
265
220
125
175
107
206
12
248
248
284
45
164
261
268
279
233
106
107
259
271
111
22
67
185
231
177
47
36
181
259
157
219
133
123
105
143
50
95
254
111
225
99
28
72
230
15
200
264
163
157
221
90
225
75
275
289
139
196
154
104
227
118
69
175
285
110
46
107
162
76
253
176
251
166
195
128
221
155
18
2
285
5
237
132
252
96
14
255
17
102
243
16
161
146
225
109
88
132
108
250
257
67
204
47
1
54
289
27
192
115
192
159
151
251
61
213
91
88
10
66
162
282
159
192
74
60
91
185
73
114
126
38
6
53
110
276
287
235
7
166
93
57
180
268
285
209
117
54
244
201
238
255
103
205
55
195
14
108
228
207
205
258
188
27
10
275
286
21
252
40
77
240
253
93
164
94
103
102
257
195
285
289
254
248
135
210
132
39
166
80
170
20
26
47
193
81
5
210
281
233
206
223
253
134
56
113
145
28
62
152
208
287
89
67
270
221
85
215
165
103
78
136
95
234
30
271
62
188
173
202
49
209
108
10
199
263
155
148
115
86
40
167
191
242
235
117
22
18
250
85
217
3
108
120
265
60
287
20
249
30
249
202
32
251
192
113
241
66
12
75
158
217
135
253
137
263
98
85
258
139
199
120
240
33
112
71
140
283
19
47
289
166
5
245
90
46
278
277
22
181
50
68
131
50
84
179
9
58
208
250
221
262
12
256
104
282
162
110
233
271
133
260
103
100
284
274
173
286
257
31
223
142
182
119
143
268
0
138
83
103
29
3
261
146
95
49
77
166
146
118
108
73
5
233
238
47
25
84
49
179
105
4
169
210
0
45
112
124
231
245
71
116
71
204
97
34
13
51
165
231
86
241
261
163
260
21
59
78
115
45
116
184
138
45
222
131
288
40
119
55
36
126
28
186
148
104
107
136
266
49
172
285
163
50
106
91
2
119
107
187
186
264
127
250
57
211
174
115
143
156
79
266
86
213
44
110
217
248
221
214
269
34
262
4
242
104
184
205
281
68
67
258
288
88
251
117
287
41
25
139
199
9
17
62
63
255
80
109
198
70
93
270
258
124
129
258
16
228
22
255
284
97
171
88
175
171
103
206
178
221
89
50
75
64
225
72
271
173
109
243
113
228
132
13
218
138
204
129
201
240
57
165
67
50
136
223
69
38
284
243
48
220
179
139
160
239
51
274
39
277
265
119
209
108
250
139
240
246
148
137
54
188
272
22
157
202
86
59
184
95
27
9
88
106
208
79
201
190
259
60
132
10
130
48
84
49
135
127
206
174
113
23
22
213
12
50
85
126
216
238
170
119
184
182
70
238
110
273
101
282
98
116
38
127
200
193
284
231
129
263
67
190
23
24
224
133
269
93
155
39
164
43
104
67
0
92
48
68
41
265
107
225
243
142
263
193
88
145
182
255
93
46
223
35
273
49
147
4
140
98
180
99
231
227
110
235
191
170
16
206
149
269
32
221
214
263
120
131
91
281
189
29
202
161
200
252
211
203
138
142
232
272
180
88
85
94
73
213
40
232
60
241
8
179
218
29
263
208
8
81
239
46
160
227
186
75
96
114
288
265
270
108
121
263
204
22
141
63
242
192
270
137
88
178
98
232
199
3
65
15
122
68
253
205
94
25
231
149
183
96
277
201
229
288
1
56
65
222
210
79
60
33
211
36
133
165
197
239
184
226
64
48
0
287
7
236
151
215
39
171
119
70
2
153
82
189
12
163
174
121
230
144
27
168
225
3
234
267
1
158
57
20
82
262
181
189
224
155
17
164
240
100
183
62
16
128
232
255
10
286
81
210
91
237
279
57
46
75
227
127
209
258
284
195
1
13
105
204
169
93
251
60
61
151
257
93
80
0
157
158
89
66
205
184
14
39
168
207
258
128
83
91
208
85
125
99
43
86
174
138
217
59
2
269
116
215
23
132
87
205
64
34
47
29
78
96
220
135
248
278
238
194
49
280
127
182
221
285
64
255
9
113
158
3
137
45
154
114
281
216
288
269
48
236
173
77
6
180
84
33
28
153
62
41
24
71
36
130
270
198
286
31
43
143
225
102
217
213
205
238
186
180
214
250
279
64
20
189
267
274
13
45
153
196
202
88
83
15
132
30
214
189
60
121
236
150
227
222
71
173
275
10
137
79
238
251
230
232
185
233
38
137
175
13
22
91
8
233
212
163
29
12
28
107
220
174
230
213
11
202
132
78
135
258
150
14
88
170
61
45
63
69
116
205
213
162
180
31
218
91
39
46
14
279
169
3
144
49
130
88
186
218
181
91
21
82
253
24
101
184
258
268
0
15
234
268
79
217
137
69
196
174
69
109
143
174
164
6
262
205
134
168
134
95
267
1
145
11
67
251
270
133
61
277
48
50
105
70
61
20
40
267
263
170
129
97
183
199
249
146
135
283
256
240
171
185
171
210
243
249
139
272
255
272
129
162
52
212
59
136
79
94
248
46
289
254
73
86
254
231
207
189
115
122
262
160
226
92
155
135
156
121
105
221
132
239
232
213
12
172
44
34
257
260
212
269
46
226
224
65
54
261
86
181
187
39
278
164
225
228
90
277
162
17
123
254
242
227
10
61
79
74
70
264
238
269
165
210
99
265
118
260
261
261
58
166
177
231
49
159
287
186
112
250
134
266
57
131
126
287
129
151
108
124
91
101
33
187
62
71
12
115
220
208
105
216
3
139
133
268
237
3
289
159
283
227
113
278
34
55
17
79
279
16
252
81
189
170
208
231
6
255
110
199
137
258
134
272
165
140
4
153
164
129
89
243
184
51
216
118
173
12
213
135
250
280
255
46
177
16
37
101
109
128
213
135
159
26
278
287
84
13
9
96
203
89
157
244
229
175
16
120
206
24
237
102
115
267
183
176
182
62
183
95
36
20
138
110
26
166
71
264
179
168
167
164
187
163
102
8
253
53
131
95
54
202
55
86
50
247
48
5
196
153
94
212
273
67
193
184
226
263
253
30
133
37
102
258
24
279
92
182
42
97
90
134
56
21
14
159
26
274
66
121
204
63
205
262
150
189
68
238
77
52
5
122
71
170
81
122
112
268
35
189
31
173
287
191
3
193
180
127
72
218
135
234
52
195
92
192
242
257
185
4
62
90
190
79
0
222
24
133
4
98
159
110
153
122
191
113
38
121
148
71
256
26
217
159
254
270
57
258
109
270
205
19
88
156
208
128
98
242
273
241
206
281
30
96
89
204
206
144
144
125
206
61
39
183
50
276
111
39
248
226
100
241
145
137
210
44
282
241
40
93
272
175
142
77
158
124
215
200
259
36
88
246
264
108
171
284
275
88
19
280
12
168
218
67
211
169
90
243
255
262
22
154
159
67
177
148
224
263
31
112
49
74
22
205
188
257
119
203
45
57
240
8
9
255
267
10
5
162
63
234
60
115
9
91
1
189
75
274
286
94
127
93
63
32
196
237
270
11
148
286
144
79
204
251
264
251
5
218
215
205
198
194
154
97
271
188
79
132
125
265
87
155
237
248
201
6
222
249
29
280
76
279
193
10
46
233
97
135
123
27
102
112
239
169
59
205
142
101
173
109
252
146
278
189
151
36
106
232
218
163
276
174
154
35
7
184
137
284
227
38
130
261
203
99
197
27
65
267
193
125
25
7
119
94
201
21
67
10
177
83
273
180
112
246
190
143
161
256
147
50
76
229
219
257
208
258
26
131
129
276
259
49
282
258
223
9
9
32
190
139
242
246
174
228
68
73
37
23
188
68
148
99
182
256
226
192
277
27
33
259
22
251
166
155
229
229
283
185
56
68
174
206
23
270
242
148
271
19
93
9
208
52
237
206
82
148
183
210
124
78
57
98
189
281
64
285
220
131
161
12
35
36
203
237
225
37
181
46
188
70
150
132
223
94
43
245
156
6
49
26
24
263
122
185
75
27
157
28
220
232
55
98
95
171
32
43
271
183
95
153
221
129
2
279
221
124
276
256
184
80
38
90
203
173
57
107
179
185
221
131
117
144
216
183
38
122
52
75
116
55
100
16
251
172
108
241
100
182
174
159
91
155
244
41
85
114
196
138
82
234
21
21
229
195
50
30
141
91
108
175
63
63
195
151
240
207
243
233
204
214
225
135
212
230
44
83
63
189
43
83
101
33
193
267
51
279
249
191
169
41
214
266
17
196
82
0
172
289
196
90
46
54
66
249
7
109
19
62
64
119
69
3
249
61
40
116
229
135
124
140
138
256
51
287
266
227
119
223
252
68
147
204
84
226
107
37
247
257
79
214
87
78
157
205
226
92
212
240
198
6
102
8
141
2
101
2
245
102
261
60
282
116
162
5
215
154
154
41
271
254
212
236
197
194
102
1
177
173
289
192
55
65
285
245
31
92
220
53
267
125
129
104
234
274
235
181
184
124
51
206
35
290
28
34
73
173
196
209
73
89
259
101
23
14
33
265
44
241
128
40
268
105
130
287
68
44
223
110
80
216
76
204
97
102
4
78
70
194
245
93
39
49
284
137
19
76
123
39
79
105
163
221
194
91
225
268
125
7
120
275
25
262
39
239
66
144
230
212
59
86
251
76
204
147
186
63
87
45
79
37
236
46
58
36
6
262
245
189
198
8
225
217
146
269
228
148
230
221
29
267
164
222
50
121
56
256
129
199
70
27
97
87
14
99
162
133
32
277
191
248
59
21
196
271
179
157
113
169
1
205
168
95
14
247
39
32
101
13
186
257
28
35
127
20
28
93
111
208
17
82
162
6
36
150
55
195
187
207
130
36
89
3
179
259
232
190
58
126
284
56
238
126
134
96
262
142
92
81
28
121
277
10
135
269
113
93
283
124
230
77
259
252
81
89
268
143
147
140
166
113
282
216
231
127
65
262
66
218
191
233
221
3
67
271
172
135
115
231
262
277
208
258
80
52
257
18
85
245
172
223
52
127
228
275
14
162
201
249
181
32
123
218
91
285
110
23
228
197
16
129
267
244
79
109
26
73
242
232
77
139
288
79
232
80
218
179
130
186
141
223
205
52
91
117
258
223
39
269
222
153
218
95
42
41
245
92
111
161
264
263
64
40
31
281
250
179
188
70
281
192
18
256
267
190
98
196
279
36
8
39
38
154
202
125
210
233
171
187
117
89
13
289
110
143
256
231
129
48
209
71
227
239
54
251
135
248
167
251
34
227
149
219
273
112
259
117
247
29
283
150
126
271
80
19
186
138
250
131
122
23
31
81
183
190
285
45
30
73
245
185
266
227
187
102
31
150
176
22
211
10
285
109
172
154
105
284
114
283
234
158
191
151
252
81
60
263
37
27
165
48
237
84
207
266
20
255
191
244
78
9
142
215
176
202
30
139
272
150
222
93
53
185
88
156
81
202
117
10
97
36
229
122
128
17
208
215
65
77
280
205
11
25
150
176
198
29
106
72
237
39
125
244
278
269
31
243
126
49
265
80
137
163
230
178
265
215
3
40
186
96
3
38
187
282
214
242
200
107
7
275
236
211
252
25
149
216
203
176
94
19
188
14
99
289
258
252
263
157
192
162
123
50
18
133
52
73
156
270
83
97
20
55
259
273
252
199
62
70
8
265
125
283
34
4
6
169
241
126
37
1
182
243
160
4
87
39
289
243
152
256
270
80
189
181
179
67
253
215
85
255
108
99
215
227
176
126
124
160
55
120
76
157
289
229
208
171
173
24
43
104
222
70
145
7
262
230
156
244
178
119
189
70
254
115
268
165
243
140
87
272
114
233
184
233
260
33
241
137
127
114
241
220
277
240
133
218
101
195
87
123
96
271
36
98
164
119
125
244
110
188
8
207
253
183
136
262
22
264
273
268
71
127
263
55
182
21
55
277
57
0
168
104
127
115
114
241
185
24
84
206
98
27
204
148
275
168
229
51
8
174
86
181
148
263
113
24
260
32
210
202
87
166
88
274
259
233
271
53
92
57
184
153
98
76
40
101
285
284
97
85
219
186
22
132
177
121
104
179
192
164
188
187
42
143
203
19
61
101
104
242
71
218
134
285
177
143
234
225
162
281
287
217
34
195
29
197
121
47
98
75
7
150
286
156
271
10
173
12
65
115
30
223
123
242
134
267
135
163
276
6
47
265
13
121
148
186
153
150
220
92
188
171
106
78
240
114
142
165
106
255
30
171
85
288
63
259
47
216
139
224
74
191
135
220
256
74
150
66
187
176
28
181
114
174
212
278
68
129
42
276
188
202
6
147
175
11
64
246
217
110
133
75
111
172
239
282
213
186
250
129
21
111
148
263
186
139
176
116
86
251
109
37
3
205
177
186
164
124
218
185
96
194
59
19
10
266
79
48
54
189
289
32
235
29
279
238
20
159
78
51
287
143
272
61
13
278
53
151
56
62
133
22
253
31
200
183
271
289
222
268
94
84
230
194
6
17
6
99
152
273
248
24
44
163
131
153
233
97
179
170
113
277
119
64
33
147
139
276
118
256
86
81
96
200
185
171
78
281
63
216
73
146
275
275
131
225
23
64
289
97
180
118
94
271
103
228
36
261
32
75
106
278
27
88
222
223
139
193
232
44
254
20
107
124
238
18
162
23
28
271
185
10
98
280
10
216
64
141
9
156
85
254
176
85
254
155
177
248
19
10
128
86
63
35
51
204
49
48
114
50
281
99
179
166
225
100
44
45
41
0
66
218
163
5
224
35
153
40
135
88
232
190
2
135
56
200
95
134
199
16
147
132
181
96
274
284
169
155
59
158
105
69
273
227
45
237
54
102
73
286
89
72
287
256
207
124
249
22
184
283
85
55
211
188
286
188
111
154
11
133
271
6
97
134
194
112
140
53
11
74
205
257
145
162
141
19
196
116
68
41
145
59
274
141
172
245
85
269
147
190
124
177
113
56
158
47
81
276
59
214
72
100
237
75
217
60
234
134
175
102
94
190
229
58
46
46
87
268
279
209
254
130
275
244
89
161
125
70
273
199
197
14
101
250
201
161
0
72
168
88
229
78
215
86
281
214
5
57
75
225
47
48
241
106
53
107
121
111
244
25
168
128
263
159
116
174
166
265
198
135
172
78
285
164
23
1
233
33
177
132
20
225
149
272
114
147
278
50
177
151
171
3
211
37
14
78
10
147
73
46
127
269
191
110
123
76
270
240
282
120
179
284
23
168
158
277
236
155
258
166
82
99
89
18
243
233
147
83
281
239
40
178
45
142
178
193
62
72
198
237
180
255
78
194
174
191
241
230
215
33
70
11
209
124
258
19
276
125
65
276
231
73
178
116
89
192
272
24
153
126
247
54
127
247
12
193
261
89
110
200
1
19
3
7
11
108
173
162
224
79
44
134
154
10
255
48
89
177
272
118
173
76
283
164
191
77
154
118
145
258
100
288
39
275
16
53
109
50
186
249
109
111
213
110
160
249
227
250
264
31
234
263
165
148
92
248
35
87
33
17
246
174
75
104
66
195
212
147
201
188
160
85
192
49
41
100
204
258
178
48
220
36
152
26
153
13
225
134
41
237
121
212
49
115
67
14
174
189
247
217
27
34
159
254
49
269
29
139
114
149
280
222
138
127
229
252
272
65
241
93
200
212
253
82
257
238
82
130
275
261
27
66
271
154
75
240
32
244
187
227
153
154
114
176
207
54
219
24
268
158
109
279
58
212
270
108
282
214
224
48
37
93
86
235
10
246
24
151
148
28
87
184
223
267
195
232
23
233
3
70
139
79
223
144
97
182
167
247
104
121
72
12
101
1
156
57
205
271
160
8
58
110
249
126
216
132
287
214
262
282
146
94
15
169
8
236
233
200
152
254
238
35
246
54
55
160
182
251
48
136
272
162
234
34
18
273
276
129
75
82
196
132
249
90
67
262
238
179
235
285
91
93
53
149
0
6
101
22
125
43
65
196
80
25
252
245
235
228
79
101
163
170
176
167
228
152
29
200
101
232
58
19
134
174
187
53
118
221
94
59
241
6
83
123
128
169
52
195
117
262
219
249
266
254
133
145
74
17
189
20
242
252
115
33
81
155
36
22
18
205
196
261
141
288
16
249
24
223
235
204
205
214
22
64
249
164
23
242
144
43
282
184
262
155
253
107
175
71
211
275
127
126
215
3
151
120
243
219
62
37
98
91
122
198
185
59
68
194
177
20
251
161
83
75
183
280
45
18
168
254
255
159
170
199
30
23
240
28
154
166
85
233
21
224
104
256
148
203
189
19
248
144
167
44
1
2
287
168
238
238
48
142
275
1
231
259
265
124
124
12
17
239
225
258
42
34
198
165
144
55
97
247
37
194
282
70
279
262
66
55
104
208
126
1
184
105
226
73
216
94
197
198
36
89
27
270
234
276
220
87
199
57
281
134
217
21
49
113
3
176
101
191
156
61
157
2
198
241
276
52
52
237
275
139
63
206
19
139
182
250
85
172
228
128
8
215
214
7
137
194
114
126
184
245
231
153
176
3
158
149
7
273
245
214
183
140
70
200
179
37
174
228
199
221
54
49
186
136
243
47
23
259
12
20
111
191
156
126
167
99
104
131
204
88
26
90
35
128
276
36
252
242
51
202
207
8
93
104
256
88
124
179
151
19
206
70
219
66
18
146
157
4
227
25
84
224
169
185
171
90
254
223
29
262
156
23
46
232
206
174
257
46
144
78
187
30
274
94
238
108
123
36
36
31
190
163
77
274
138
107
208
12
28
137
84
162
10
114
229
150
174
202
176
186
4
201
30
2
250
258
129
282
226
259
95
224
189
217
124
0
216
197
248
209
268
231
287
230
234
90
231
94
132
262
229
10
61
237
138
202
252
31
264
243
225
78
203
132
162
194
51
161
225
277
146
61
134
133
79
100
46
43
145
216
4
256
66
13
97
52
13
254
177
211
29
56
99
283
21
74
57
29
119
112
182
267
133
247
153
28
169
44
37
171
164
49
157
39
173
67
186
198
95
181
166
108
176
200
196
245
106
43
219
205
128
5
175
243
83
260
14
250
234
216
52
110
29
111
95
54
240
197
232
96
162
135
125
170
161
180
264
104
9
268
47
24
244
12
269
171
285
24
253
85
9
84
111
28
141
264
260
77
227
57
181
161
95
30
112
94
77
129
87
75
262
288
25
166
170
33
135
106
29
85
191
113
233
156
186
124
133
282
236
196
119
109
4
136
103
209
196
198
7
259
164
95
82
258
97
173
58
149
289
85
165
92
139
47
72
187
142
272
229
6
254
129
72
165
22
259
159
77
97
237
157
253
80
83
76
25
11
278
220
41
160
240
71
107
53
266
129
76
92
144
266
218
168
61
262
45
194
279
259
81
102
81
212
234
93
267
289
1
252
185
20
130
222
208
65
83
144
64
90
256
257
233
5
170
244
22
112
67
54
140
