217
53
230
10
23
132
158
147
74
164
201
136
41
38
42
244
193
263
257
23
38
255
180
83
196
259
126
285
146
195
51
286
214
56
14
164
143
40
263
4
93
107
187
268
260
190
85
76
266
104
111
232
270
144
105
260
83
108
211
282
117
159
256
123
276
114
155
281
227
63
25
21
99
151
244
244
248
144
257
123
257
24
0
172
20
154
25
269
164
283
28
208
168
114
114
153
85
161
58
215
264
212
124
80
287
124
248
238
33
4
100
232
249
20
6
118
195
31
95
94
135
242
206
35
205
252
11
153
62
233
69
1
129
240
155
261
201
44
168
282
273
11
206
267
90
15
54
279
92
160
213
252
65
10
7
75
63
150
29
131
90
268
47
281
9
98
123
248
168
191
259
254
20
28
37
33
28
282
15
194
108
48
22
198
32
261
90
263
265
49
134
137
123
135
155
164
15
96
104
167
112
8
100
273
167
271
217
11
243
110
66
211
173
44
131
195
93
185
83
114
248
224
218
82
111
213
181
85
249
228
204
82
43
176
70
113
172
135
127
6
176
158
190
0
111
204
99
242
38
122
275
215
91
66
233
103
159
213
17
230
93
243
7
68
0
61
91
62
225
196
158
232
162
279
92
15
104
28
35
191
2
99
110
19
14
16
42
16
276
28
18
246
215
165
125
18
241
192
254
123
28
228
277
50
129
246
118
7
74
173
29
284
198
186
209
282
269
96
47
90
153
85
263
22
94
280
279
151
237
18
255
126
122
37
97
28
91
144
284
179
36
246
251
20
182
58
105
160
256
260
109
233
239
150
202
123
284
200
78
249
36
263
192
164
44
205
259
28
269
223
170
53
192
221
230
49
43
90
213
57
220
181
163
172
29
126
10
83
169
248
151
141
135
5
122
272
272
83
34
185
101
181
253
112
175
78
229
198
214
138
160
51
100
17
92
24
192
8
272
27
232
61
142
20
144
53
25
243
276
273
240
237
179
158
89
104
202
277
179
3
107
9
230
18
62
136
205
219
289
111
152
61
144
88
189
30
150
185
123
100
104
105
194
271
248
194
104
256
51
220
280
176
168
151
116
123
276
233
38
23
75
216
284
125
120
98
72
35
4
189
207
59
92
287
103
125
132
109
235
246
124
255
46
244
131
239
19
289
270
253
33
76
72
209
130
181
193
57
251
261
107
60
51
14
40
181
253
165
100
246
264
69
31
273
238
102
226
214
11
285
233
59
35
81
132
40
38
37
240
193
11
165
117
225
48
147
118
231
188
180
271
212
216
63
212
111
162
204
10
37
2
48
62
4
162
270
85
63
56
252
108
115
241
167
124
188
271
245
230
177
6
51
101
7
164
229
111
70
248
159
11
175
15
203
91
3
59
214
78
210
234
261
254
85
31
42
85
121
29
133
148
241
275
183
111
146
227
152
233
227
113
251
276
278
64
4
81
138
112
272
180
118
135
257
76
134
34
29
47
239
123
76
13
124
120
224
48
225
83
113
238
238
287
115
193
83
62
230
219
266
209
12
91
65
284
235
282
175
199
15
266
66
7
9
102
121
266
227
116
152
41
234
14
83
87
215
9
166
145
186
132
34
249
74
76
119
70
179
241
265
226
175
75
288
12
218
190
0
137
95
229
33
77
50
248
126
202
81
206
48
147
115
127
14
188
222
252
134
135
59
127
277
227
250
267
208
248
248
8
61
123
43
263
207
125
176
148
90
7
21
262
257
2
233
19
229
61
40
232
91
31
18
48
68
261
35
179
67
287
102
74
279
224
83
246
24
115
67
33
159
174
153
199
170
199
169
228
109
253
46
242
14
276
1
91
75
20
15
121
17
67
0
103
15
32
95
98
115
273
84
9
64
182
102
270
77
230
48
256
91
171
57
27
52
27
10
63
18
239
13
124
215
35
177
37
40
264
202
147
282
166
53
172
239
228
261
273
157
13
205
52
235
223
235
160
157
41
27
165
50
69
224
143
257
185
206
131
285
38
80
274
8
231
187
67
242
2
289
7
275
190
197
121
23
75
122
93
282
223
28
85
276
85
43
148
287
256
35
55
91
117
32
79
127
276
15
20
151
80
119
193
236
251
85
196
234
79
187
70
126
240
171
244
92
32
122
105
82
79
252
208
253
64
12
40
88
42
23
52
110
230
120
278
210
101
77
117
75
95
258
115
43
263
140
119
276
151
164
85
135
207
177
112
136
165
134
44
34
47
275
98
174
44
223
124
205
10
87
221
219
212
273
238
18
237
235
244
239
189
263
146
114
65
154
193
287
91
88
89
98
77
83
150
191
243
243
100
75
262
248
138
175
153
181
157
186
234
162
122
172
98
84
19
221
91
267
271
110
262
74
144
44
99
52
102
52
55
142
245
248
203
214
78
71
53
183
6
192
167
53
118
83
286
45
179
91
142
228
248
87
192
71
41
51
71
213
106
255
30
2
22
6
183
4
126
98
56
162
34
129
96
276
78
254
158
179
143
34
246
278
91
258
176
50
81
21
138
178
4
64
54
86
215
209
128
12
87
137
17
62
188
19
256
195
157
42
203
133
271
204
60
45
258
148
83
223
288
226
222
2
119
58
105
207
103
251
133
14
131
214
66
161
63
143
87
277
215
215
227
218
216
226
47
188
285
16
275
35
133
243
275
112
276
146
57
149
255
233
190
153
67
111
51
213
192
215
286
22
139
44
221
167
27
200
268
247
250
176
112
220
188
11
172
144
136
262
81
182
83
232
211
29
196
53
249
183
152
181
171
79
74
240
170
155
36
219
164
93
39
285
282
168
9
174
147
212
109
216
195
171
87
21
208
176
210
273
270
79
91
35
107
166
69
94
70
163
244
204
45
279
149
87
59
117
54
33
246
270
100
63
186
261
146
149
17
218
278
88
219
237
263
83
199
119
203
286
124
24
278
221
95
56
264
184
130
276
276
195
203
84
201
83
17
243
197
157
221
0
144
171
286
272
151
126
165
92
137
135
193
43
217
188
109
143
254
50
16
241
45
61
206
3
174
16
214
66
96
186
235
246
127
217
236
9
278
266
78
16
157
108
264
10
221
79
277
35
127
257
287
194
57
147
116
193
61
188
276
246
142
221
226
168
83
35
55
80
27
13
203
100
57
209
97
204
59
152
118
89
286
120
145
113
144
11
280
0
108
70
208
31
260
112
204
268
260
165
126
21
117
30
221
201
27
231
176
19
38
176
134
160
37
80
19
51
180
97
217
178
94
77
22
234
113
187
85
265
124
139
127
274
169
273
63
94
184
32
25
222
91
93
161
153
130
284
193
17
43
73
208
196
109
13
7
183
112
227
128
86
257
261
68
173
75
105
48
155
275
86
104
95
252
60
63
271
126
289
254
235
1
152
142
130
37
4
83
70
61
75
84
55
254
245
114
210
196
43
160
113
83
6
167
34
236
225
275
269
38
134
89
4
121
227
5
8
162
103
30
51
78
267
137
225
235
81
255
231
107
125
89
100
57
35
190
42
150
219
214
288
263
188
121
26
218
237
137
211
87
196
196
129
235
42
173
143
186
228
176
124
11
237
237
249
177
112
192
52
199
167
258
267
204
232
116
139
278
8
105
141
160
95
184
125
238
9
223
10
125
256
3
45
132
254
282
263
55
177
5
134
67
70
59
234
128
86
185
281
254
87
163
240
260
285
169
218
196
212
260
267
113
58
133
40
137
40
73
111
247
211
60
39
233
20
14
49
141
138
19
7
46
239
250
52
89
160
166
137
43
159
211
51
273
88
10
119
112
106
250
131
228
88
208
85
217
31
106
252
186
265
228
282
170
221
50
209
102
129
164
100
99
59
99
59
132
216
173
54
114
40
45
87
160
285
193
63
42
44
239
246
30
237
135
32
284
11
218
188
239
251
32
289
39
44
92
157
98
207
148
38
258
17
224
269
25
233
260
190
228
164
7
56
104
260
97
102
257
237
229
225
77
44
5
38
61
248
118
131
51
169
140
208
236
236
30
110
13
209
75
135
47
38
29
268
288
11
151
101
264
203
43
85
277
258
236
188
73
123
169
263
286
191
36
47
218
53
201
144
31
257
250
105
28
232
161
19
107
70
269
248
249
50
230
258
85
208
41
160
182
132
29
73
145
203
235
151
279
41
22
154
162
150
62
182
180
107
171
119
82
178
144
81
258
240
97
152
144
234
84
182
235
188
5
254
122
32
49
140
138
284
168
21
21
161
84
198
89
42
222
72
204
276
149
258
262
66
272
189
273
209
179
46
12
202
21
231
133
188
178
90
288
79
99
149
124
60
33
170
179
52
65
8
112
220
29
177
214
267
126
115
196
121
219
72
231
81
4
134
20
25
58
17
88
59
17
222
61
83
257
118
85
152
159
9
167
198
82
250
133
28
211
229
174
49
13
112
118
123
43
14
117
109
145
253
119
277
152
155
154
185
198
114
61
271
134
129
56
150
0
210
211
47
14
263
248
23
108
40
223
185
122
280
202
139
252
155
192
153
142
86
178
22
22
196
113
285
276
126
125
42
140
65
134
71
244
95
205
159
147
47
221
100
242
282
202
207
123
256
280
242
190
94
63
179
102
57
112
57
154
251
106
35
152
45
281
169
257
140
137
6
20
91
139
56
129
213
277
190
134
87
193
189
174
81
110
114
149
253
139
154
77
139
27
192
193
226
29
29
61
270
124
199
2
187
183
207
121
229
200
109
271
70
114
32
123
47
288
131
131
81
284
63
161
78
54
29
128
42
242
19
15
218
276
12
87
224
106
223
30
261
219
132
96
32
157
109
187
109
25
269
230
182
44
266
76
101
209
3
167
160
55
248
33
63
42
213
226
131
47
17
13
138
141
137
187
280
259
16
124
107
100
85
147
82
175
212
122
283
122
247
217
162
182
127
217
251
190
204
165
192
222
86
126
179
33
214
152
281
70
207
80
256
236
79
57
247
33
93
161
26
76
1
127
204
169
204
134
19
92
287
10
34
258
221
284
82
195
91
127
165
147
183
200
64
37
77
87
192
4
193
67
245
211
267
27
109
219
265
132
222
212
266
8
64
9
20
199
166
155
283
78
146
99
85
62
250
14
166
57
77
234
4
216
90
268
30
161
211
193
38
253
237
197
65
2
276
181
12
124
148
265
128
37
178
162
57
125
62
267
163
43
32
24
218
29
225
218
198
256
201
112
234
45
282
168
178
194
179
284
132
24
286
197
82
59
112
247
6
236
237
244
82
52
176
27
11
251
42
150
212
148
68
38
70
158
208
22
181
217
82
90
276
258
10
189
278
89
146
80
156
15
245
230
202
12
9
285
14
282
132
218
247
69
191
19
42
194
96
128
60
16
194
269
135
144
259
260
59
138
106
202
73
137
73
67
247
173
228
29
217
22
159
173
260
238
158
190
183
57
250
242
219
11
231
102
48
266
56
166
24
100
287
3
192
158
105
145
16
198
176
114
55
100
150
79
130
252
219
82
93
16
281
29
152
218
91
24
135
167
97
259
197
168
63
259
218
207
49
0
213
252
98
287
267
234
270
97
226
180
30
92
84
30
232
101
161
117
135
204
143
247
225
265
200
156
282
282
100
18
124
186
171
112
124
42
14
71
213
128
183
42
178
186
230
1
27
217
182
12
28
82
286
278
35
44
247
210
235
8
221
33
0
285
124
264
152
76
147
46
191
0
217
209
133
7
74
136
129
155
81
288
243
25
255
108
5
261
21
74
237
96
151
281
251
130
5
4
67
6
106
171
237
47
135
190
267
63
204
274
191
222
129
274
158
34
146
263
70
114
169
54
46
234
280
241
156
40
164
202
272
154
213
152
61
238
80
66
178
100
80
52
84
19
38
90
35
35
4
254
270
207
14
270
277
109
111
225
220
177
162
272
103
112
132
223
46
74
44
40
289
188
100
109
194
219
7
21
21
35
182
179
120
132
243
198
155
115
71
243
89
160
163
60
119
114
235
141
123
262
60
280
279
272
255
155
66
178
205
68
23
16
233
169
163
36
37
282
251
205
13
178
227
185
232
215
120
155
208
167
220
230
212
280
265
262
121
216
212
226
68
2
154
33
95
75
277
40
21
203
48
22
218
108
103
12
165
140
273
265
202
255
261
170
205
133
195
72
112
6
51
108
43
225
205
160
94
118
125
59
166
47
107
78
240
45
77
275
150
279
259
180
197
158
62
150
21
35
201
185
164
241
100
145
160
174
56
52
102
227
288
244
87
266
251
247
133
18
168
133
108
140
119
89
27
277
165
277
277
276
45
104
166
253
69
10
257
288
232
269
58
227
108
147
261
284
137
157
255
47
220
270
59
196
119
205
121
24
68
49
182
268
75
154
214
70
223
191
126
5
276
133
61
69
131
225
68
225
11
1
247
220
53
102
85
246
112
197
147
139
29
167
91
91
116
30
104
237
280
3
266
228
25
201
82
11
168
21
86
120
274
151
191
66
53
190
147
65
174
89
270
151
165
286
29
108
60
13
250
37
127
216
107
184
104
23
141
215
160
67
198
86
117
41
78
107
34
87
108
215
16
197
270
122
164
89
39
136
181
62
231
10
133
276
225
91
278
55
33
231
217
115
151
100
48
169
276
155
267
36
282
183
56
112
63
219
199
270
150
85
111
272
36
192
288
284
32
234
1
220
137
265
289
7
60
239
48
220
227
136
206
282
211
176
171
202
143
67
116
174
19
65
38
259
18
8
32
2
234
75
68
234
97
196
46
251
79
145
242
255
241
282
159
234
103
249
235
110
94
11
145
82
142
202
274
174
187
168
226
97
146
183
144
193
28
13
55
57
127
113
36
272
96
35
97
58
54
160
228
16
74
147
143
258
189
289
104
137
49
87
227
107
67
152
91
172
244
146
173
7
192
110
207
132
103
155
159
229
98
226
156
262
150
50
165
107
278
11
34
60
191
163
8
285
152
34
106
20
188
68
83
199
107
178
1
84
173
49
219
164
37
258
222
265
276
246
41
243
160
31
245
5
263
223
45
51
25
137
170
90
93
11
93
92
119
240
67
151
162
15
168
153
135
148
191
109
58
232
250
105
48
161
14
53
24
53
223
219
170
95
182
115
269
115
181
101
110
238
2
244
214
175
184
63
145
89
222
289
179
228
98
158
243
148
83
112
164
228
260
269
133
251
146
7
281
29
81
250
165
7
7
227
44
68
148
80
114
84
5
272
277
235
52
181
101
111
1
56
29
154
98
216
282
47
8
19
69
144
88
88
67
105
288
263
149
51
215
49
10
201
188
199
271
287
117
129
177
22
46
198
213
279
7
46
220
206
262
130
219
180
89
233
4
251
6
61
13
134
278
135
233
152
19
151
176
227
64
248
138
285
203
48
284
38
151
108
59
19
69
45
245
263
249
273
167
144
38
70
137
185
79
70
67
73
105
150
27
42
288
114
118
120
254
169
260
196
30
47
203
248
78
142
148
152
73
76
258
112
96
0
135
245
108
231
98
81
203
193
200
109
72
94
259
59
147
169
54
253
128
223
213
236
94
32
167
52
253
35
247
152
191
152
106
230
224
151
45
224
17
107
30
52
198
225
259
210
79
250
143
43
38
273
40
50
92
133
277
197
38
25
62
199
2
283
102
219
252
31
77
218
217
14
192
251
129
257
97
123
142
228
276
270
78
253
88
193
189
186
210
40
6
55
19
166
112
235
288
156
285
41
193
228
103
79
245
26
246
142
98
203
126
95
163
187
110
193
146
151
283
57
231
230
18
126
3
218
17
117
234
46
166
203
287
234
162
178
214
235
150
261
26
180
90
179
92
275
23
276
12
154
87
277
155
234
268
257
70
66
281
263
128
135
29
128
188
199
215
125
224
101
180
108
218
243
168
6
30
172
163
96
184
238
101
82
248
72
108
169
147
22
187
244
156
70
219
22
65
23
147
220
288
113
192
216
48
223
119
164
140
85
220
51
13
7
156
114
33
69
205
200
75
45
248
103
185
233
38
68
160
114
65
216
17
255
9
238
92
289
252
264
146
269
12
210
46
33
90
114
116
128
51
96
100
154
245
81
78
238
28
193
104
258
67
253
87
261
284
175
26
119
256
183
175
205
178
110
10
185
225
201
289
111
75
111
191
45
227
92
251
236
164
161
84
180
198
214
57
157
218
102
13
109
198
37
284
181
231
75
43
61
118
151
19
170
95
199
250
124
198
24
187
40
75
42
206
180
277
145
271
30
154
177
13
100
48
185
82
168
234
121
19
239
250
170
20
37
35
56
243
107
123
191
71
118
54
160
197
23
118
99
245
76
134
108
165
162
109
254
111
266
270
287
149
205
115
61
160
215
135
286
180
205
36
14
236
214
132
278
3
54
158
181
81
242
249
26
142
253
147
233
211
80
187
76
224
180
119
202
163
274
184
65
267
24
78
35
83
9
107
184
151
184
207
203
186
21
165
176
161
7
143
286
164
60
242
50
206
23
26
89
203
133
163
195
25
114
115
12
215
61
225
102
164
112
263
12
86
154
161
11
111
166
94
138
50
199
55
65
103
180
205
109
88
71
139
59
94
278
233
47
194
72
221
145
169
111
94
283
213
100
106
194
243
206
38
238
118
164
29
77
126
0
129
142
165
99
249
49
30
164
4
232
216
180
152
16
211
89
259
223
166
255
254
258
106
92
61
234
219
172
252
275
282
218
108
19
96
146
251
8
9
67
205
104
125
58
102
157
91
221
7
275
15
157
91
130
161
165
187
31
38
77
184
233
265
140
171
227
190
239
206
185
122
70
179
110
167
93
67
18
17
185
153
76
96
11
166
141
47
26
4
22
123
271
16
172
99
3
196
202
5
27
46
18
91
227
229
79
159
182
105
265
68
243
268
23
138
202
111
289
100
235
223
120
79
81
127
138
59
280
144
218
76
60
173
247
249
169
266
104
286
22
53
224
170
74
133
268
207
263
244
9
132
268
257
248
9
20
288
163
270
163
264
106
288
203
249
181
46
273
86
277
218
163
271
254
135
15
223
106
260
161
142
208
169
71
236
127
223
111
90
252
244
267
28
5
71
250
130
27
264
58
34
87
135
20
51
132
89
69
21
107
79
186
179
282
48
279
130
72
173
69
245
165
145
178
102
54
201
84
254
67
22
38
240
241
265
276
199
279
142
79
266
11
115
205
131
100
167
187
202
237
105
123
5
244
251
50
155
52
49
87
13
97
113
60
51
124
15
151
277
220
137
224
45
286
5
44
92
35
272
21
148
17
216
148
289
2
50
34
83
152
183
67
46
140
5
112
266
233
194
288
112
262
96
252
158
70
16
89
13
192
245
63
5
116
250
267
37
264
245
86
83
122
274
128
274
3
52
281
40
45
152
97
231
133
143
13
259
274
147
157
242
1
160
72
31
192
191
54
137
157
195
172
103
14
36
180
75
263
179
274
207
79
166
112
269
63
186
168
38
90
279
110
32
75
174
157
282
154
117
92
212
277
90
95
157
271
45
187
20
70
134
59
127
268
171
260
202
255
259
212
236
241
220
60
88
254
21
14
102
220
251
110
206
15
110
210
116
109
189
162
207
196
159
139
215
15
134
68
41
60
180
102
134
222
283
161
151
56
116
230
182
104
229
174
252
58
214
159
147
113
193
213
60
78
94
76
188
264
93
228
158
100
190
79
110
138
181
44
101
269
115
250
58
163
287
38
31
111
185
16
154
106
13
47
141
15
234
149
288
271
39
210
225
78
31
196
119
76
12
10
16
126
251
94
90
82
215
68
182
45
130
193
101
16
106
229
144
101
44
253
189
123
75
58
207
117
2
48
73
53
5
86
154
262
141
24
193
198
4
264
197
170
134
52
60
93
79
262
261
30
20
18
214
239
278
57
69
79
16
118
240
145
94
89
75
104
178
189
223
62
90
179
58
285
230
205
100
17
196
26
274
254
95
98
260
206
226
279
101
109
71
80
214
90
163
258
192
206
267
9
91
135
184
244
72
259
115
107
38
11
187
150
85
84
220
68
53
134
132
269
148
120
97
239
223
183
170
153
157
243
288
219
35
163
103
60
88
153
265
153
185
191
75
175
278
3
246
282
8
169
151
58
28
102
278
278
67
272
263
34
265
119
135
148
269
95
139
33
50
169
166
134
157
240
88
12
2
128
189
157
214
207
6
260
151
98
128
99
7
133
98
181
90
20
58
161
235
284
128
100
210
137
112
136
199
114
185
65
134
196
52
115
46
197
234
124
103
113
146
77
84
146
287
35
254
131
187
179
250
95
191
102
288
247
193
216
229
120
13
132
95
113
221
89
77
224
152
215
229
238
59
201
242
20
172
286
90
170
34
201
181
267
256
149
112
144
243
249
200
51
123
225
154
14
244
112
173
43
136
249
169
237
122
53
231
10
63
222
216
204
126
224
143
200
146
18
245
57
52
114
207
232
282
85
27
244
252
210
50
91
141
62
37
225
249
210
250
24
210
84
83
44
200
70
177
144
14
215
64
232
56
170
5
231
27
66
131
164
22
72
191
63
140
191
228
12
202
280
88
255
87
212
67
264
88
22
91
199
264
165
151
146
178
107
49
207
240
116
219
252
86
205
197
15
253
163
183
15
159
234
79
146
249
164
28
60
149
47
35
96
128
83
131
190
10
187
16
157
209
42
131
194
117
262
240
257
112
127
158
78
122
195
282
164
72
7
190
132
212
267
204
19
121
73
169
224
73
216
167
236
40
172
188
108
269
84
62
135
268
212
281
91
237
231
184
24
233
240
235
99
276
82
44
183
79
22
173
239
188
77
128
256
58
123
172
11
271
225
254
35
214
191
31
0
135
82
255
33
145
157
13
208
267
14
11
44
171
198
235
172
221
258
149
190
76
116
165
233
132
245
268
261
50
274
77
2
185
26
44
282
128
231
227
191
234
182
241
146
59
14
19
79
80
259
169
8
245
121
210
66
165
148
12
187
39
244
149
55
122
167
133
74
254
27
99
256
89
229
91
232
35
99
105
22
32
61
147
205
209
31
282
146
273
10
283
247
1
247
256
41
68
248
252
45
75
216
206
18
121
233
99
246
51
68
97
54
2
152
218
110
58
21
252
141
273
27
251
160
135
73
214
253
284
200
28
148
273
209
188
150
274
262
90
104
162
35
219
138
234
206
39
109
76
107
71
231
79
282
277
275
2
126
100
274
15
20
175
193
240
183
53
143
210
196
89
240
196
197
67
147
172
231
197
235
34
104
31
203
39
128
175
63
6
169
149
44
125
148
102
1
73
30
251
209
0
230
252
201
63
174
261
195
100
236
189
271
266
110
37
188
175
84
195
83
60
4
79
47
206
170
135
156
170
146
227
249
198
84
117
231
27
82
193
130
26
89
122
163
178
186
169
9
66
16
6
139
53
44
54
0
89
159
218
171
90
45
186
224
119
211
105
187
153
202
136
206
61
144
100
36
115
95
229
160
242
95
225
191
279
227
191
134
179
277
273
226
138
241
287
287
204
23
184
127
231
269
191
289
149
186
93
130
79
234
59
136
221
108
137
31
28
169
225
150
178
207
272
232
158
130
86
162
223
20
53
142
99
136
273
114
197
83
112
94
201
173
152
173
223
256
230
181
257
65
171
192
47
116
274
175
13
115
159
87
102
150
101
107
19
192
152
245
48
163
227
280
93
197
77
70
49
41
65
230
109
276
79
250
214
197
127
278
56
257
182
84
228
48
220
206
254
37
257
232
186
137
50
246
1
274
57
88
20
155
208
192
81
36
206
20
136
89
253
194
73
285
194
205
288
29
41
273
255
120
167
207
241
15
179
53
122
98
251
74
110
268
44
191
260
197
160
169
146
22
238
6
149
128
175
94
189
30
272
265
241
257
239
103
268
59
91
67
161
48
140
33
192
48
240
111
234
7
189
103
193
89
173
123
104
267
95
28
264
185
80
124
145
24
5
256
29
225
117
150
129
16
273
162
81
50
155
279
202
163
52
262
278
178
190
121
107
287
275
34
193
213
113
256
129
113
228
135
32
105
57
287
149
102
176
185
72
72
171
240
28
94
36
45
66
96
142
106
44
245
163
21
12
147
251
142
221
197
145
173
61
161
146
119
119
102
197
7
111
188
84
34
37
46
264
270
57
49
13
211
191
184
164
61
13
33
122
11
261
184
93
107
177
265
37
156
282
71
240
167
190
244
55
288
201
164
132
185
234
235
90
115
109
18
248
167
168
199
273
13
219
147
93
107
259
92
180
125
73
70
95
42
69
146
47
82
125
81
165
60
61
142
21
203
201
72
128
243
140
135
80
6
119
224
168
265
194
220
196
133
181
93
238
120
12
273
73
91
134
93
141
216
203
106
91
14
288
118
7
217
77
9
211
193
57
192
170
16
101
22
229
54
0
89
148
94
245
83
83
166
89
167
201
229
282
149
282
178
184
78
254
271
239
231
37
261
94
213
259
157
246
133
151
58
214
80
3
46
270
254
60
15
105
275
265
43
32
108
148
140
195
129
134
139
128
73
64
286
110
92
226
7
171
253
117
144
277
103
43
150
147
4
224
122
157
207
232
235
141
117
158
249
124
162
115
213
203
155
11
145
163
87
159
75
117
96
241
162
220
16
83
198
87
226
231
145
168
40
42
188
256
233
267
217
142
173
59
93
181
229
204
225
256
228
161
151
3
272
29
139
9
156
282
35
245
1
169
216
235
25
199
166
58
108
121
124
200
171
5
205
7
260
116
74
225
109
92
81
37
158
87
226
227
9
271
95
3
67
36
282
245
156
261
55
59
155
63
23
202
195
83
194
180
207
31
3
53
202
66
177
248
276
130
141
113
60
84
20
179
219
12
34
99
64
8
241
194
276
255
133
43
266
156
286
258
26
230
287
197
139
123
0
46
282
222
166
175
220
178
244
0
161
15
50
104
108
103
210
226
71
54
90
265
234
207
100
181
120
171
10
102
163
176
50
219
111
39
158
230
42
273
215
234
270
176
115
30
201
145
41
20
202
224
193
110
156
7
135
81
162
115
63
245
177
113
12
188
268
25
236
249
249
0
180
38
197
288
117
18
176
226
267
147
254
233
216
229
134
210
187
212
249
259
273
196
236
27
229
194
131
169
246
42
79
10
146
204
246
23
110
215
149
85
120
230
60
266
33
190
171
214
89
114
235
101
137
257
254
166
54
98
189
179
141
288
47
287
138
263
58
177
112
228
96
144
130
119
52
58
205
273
284
231
144
26
222
248
159
31
122
43
186
60
271
16
208
48
211
266
61
259
62
235
55
158
242
212
65
219
150
251
62
112
231
100
96
38
40
54
51
127
168
192
25
14
160
37
63
216
210
248
122
60
62
153
144
26
62
118
161
214
124
25
249
185
288
233
287
121
164
130
106
265
159
36
21
236
134
86
126
236
42
151
12
223
230
28
132
169
129
82
248
190
175
66
210
167
259
225
231
15
280
67
284
178
280
139
148
167
273
278
22
182
110
51
156
81
154
161
223
211
206
189
249
13
252
242
263
134
57
243
168
4
136
40
175
234
233
16
183
37
175
97
139
43
33
19
239
269
119
40
193
150
160
125
142
18
194
258
34
249
122
275
49
74
191
49
262
155
187
116
102
256
80
86
46
166
115
170
60
104
132
266
75
231
25
242
54
212
180
104
37
35
75
56
43
5
96
24
132
259
30
51
240
185
96
221
250
174
167
135
160
239
282
152
234
14
215
205
121
111
153
138
49
60
38
199
113
137
13
222
147
117
65
18
2
88
234
91
103
201
182
115
215
157
96
236
191
141
164
276
36
239
129
147
196
289
178
53
151
272
244
58
272
3
141
164
58
98
209
47
161
194
77
225
195
79
139
64
30
53
112
49
183
64
15
204
48
153
239
171
96
238
17
86
99
132
237
32
263
58
174
167
273
80
154
227
33
213
160
170
141
33
33
173
274
239
51
240
87
104
172
39
281
267
163
42
19
89
210
188
70
7
114
40
2
57
116
238
277
222
188
131
140
90
14
233
149
160
30
55
3
190
196
247
254
10
58
74
276
170
236
118
213
202
148
143
175
107
235
83
289
222
0
22
7
60
169
285
188
96
261
199
182
256
173
168
276
124
185
158
220
12
11
158
116
252
62
249
113
28
60
83
16
265
61
193
205
50
230
242
277
156
174
201
145
280
191
259
161
164
226
240
289
207
126
195
167
82
92
154
143
94
184
251
44
264
104
269
270
12
87
203
61
214
205
201
230
83
230
124
273
274
267
250
96
127
160
71
194
10
105
20
260
58
38
172
166
83
274
263
193
86
211
282
38
288
115
192
136
193
137
159
273
156
187
17
158
204
285
134
167
175
41
91
189
217
33
5
127
246
114
117
263
255
4
125
54
187
270
115
157
59
277
31
137
173
11
185
85
63
272
211
274
244
213
269
154
235
129
57
96
26
87
195
245
8
285
219
286
46
191
189
83
210
146
224
226
198
202
24
251
282
155
62
222
242
224
32
5
148
116
212
12
225
214
173
43
258
85
31
211
68
260
155
113
217
142
43
219
28
227
245
105
160
240
100
111
59
259
22
168
94
254
66
278
140
106
224
129
106
35
100
203
40
252
8
217
161
209
207
23
24
86
4
99
252
195
278
159
54
151
7
27
175
169
175
174
104
145
80
88
105
41
2
126
259
154
231
118
162
276
22
213
240
56
107
37
106
203
88
244
32
158
263
196
153
133
202
193
140
276
229
204
106
68
65
114
41
48
144
83
85
248
16
135
242
69
248
24
123
62
115
267
183
178
38
254
245
76
137
149
266
72
49
252
36
0
79
239
248
135
154
46
204
196
121
53
214
199
30
37
263
158
184
226
169
258
17
271
41
277
225
87
107
89
26
288
105
75
38
223
234
177
276
117
114
12
31
131
195
57
267
53
78
250
153
151
237
270
183
279
136
165
27
45
59
184
117
134
203
154
156
121
154
95
101
272
37
71
196
103
73
154
281
222
155
78
193
267
60
203
274
185
112
163
223
277
41
183
35
282
155
15
83
36
0
216
67
193
197
99
117
19
268
183
160
92
46
167
177
34
215
108
94
131
144
266
256
193
124
213
142
153
33
112
10
119
23
97
232
223
278
103
159
179
107
35
217
136
86
217
59
26
3
81
224
7
2
207
178
169
255
7
78
212
265
230
44
150
34
229
130
10
98
35
92
57
56
91
16
104
41
51
188
281
199
165
196
26
225
8
242
264
181
39
13
51
167
143
0
207
259
6
89
167
195
108
170
46
192
115
50
185
128
214
176
153
213
81
282
38
216
123
172
109
91
195
189
194
289
6
69
215
228
6
250
181
160
234
257
270
239
268
211
278
26
190
237
208
179
18
157
242
288
171
178
45
56
266
110
7
23
264
88
215
197
32
108
280
227
22
84
82
106
5
113
127
278
5
226
49
264
143
91
156
68
135
108
136
233
212
45
43
178
191
156
115
36
203
269
287
62
216
150
283
121
135
128
1
283
220
117
115
149
109
196
228
20
216
60
79
93
171
251
186
132
202
34
85
251
60
47
107
63
262
248
33
38
163
27
61
158
96
185
46
67
229
44
135
146
145
37
203
41
163
88
79
274
77
227
89
10
19
64
72
59
167
286
232
19
196
249
7
31
69
120
59
246
260
282
147
261
9
191
154
274
273
253
269
182
103
147
6
13
263
67
84
111
58
271
169
276
56
2
177
33
144
198
155
125
128
234
261
17
5
41
274
76
153
281
67
141
254
93
244
116
223
252
195
145
143
187
200
148
236
165
57
2
64
68
122
102
239
261
135
150
115
135
66
243
199
90
280
114
76
268
168
30
21
176
131
151
62
252
176
121
42
163
24
117
150
15
65
258
211
114
220
62
284
104
245
5
238
177
286
63
155
246
215
11
212
13
95
210
62
229
9
106
215
140
107
247
103
85
113
131
84
246
18
35
1
119
17
219
82
183
284
15
199
149
62
3
95
31
285
182
61
57
107
254
92
140
22
57
27
152
49
257
155
277
280
251
21
221
220
235
237
173
223
30
36
284
110
251
241
1
189
147
16
228
151
270
210
205
1
6
245
65
112
73
15
232
62
165
128
196
195
49
139
129
150
143
288
232
108
189
130
56
25
282
159
32
53
135
182
14
204
0
158
23
139
77
276
195
206
248
235
175
223
220
29
22
93
17
187
220
26
63
67
238
225
25
176
208
146
6
217
114
138
118
6
9
258
0
151
156
35
261
163
266
34
99
256
126
46
21
182
70
10
101
253
234
82
181
248
120
75
67
88
228
48
113
212
80
27
12
182
45
168
199
190
101
160
35
198
255
62
99
249
133
279
235
145
8
44
243
199
207
36
41
160
33
62
41
220
134
255
206
15
51
248
181
101
70
164
230
163
219
164
5
225
99
117
223
55
186
245
279
144
86
122
186
57
264
146
48
224
218
144
109
104
4
6
199
254
273
170
140
257
188
160
12
281
116
102
279
178
56
257
146
79
31
19
44
279
141
6
215
167
135
199
278
20
100
114
133
143
63
72
14
156
118
96
128
63
247
154
235
271
53
125
60
282
224
189
167
191
173
186
32
211
230
222
159
174
236
172
279
216
130
182
111
66
59
81
225
145
103
1
266
152
113
267
117
113
135
47
225
254
42
273
277
40
171
283
114
278
10
167
171
94
201
112
171
33
33
267
139
271
39
200
19
141
201
18
83
245
186
274
109
141
159
215
25
282
229
257
136
275
244
94
134
1
94
192
282
259
54
62
189
271
237
93
4
106
138
80
252
231
163
34
255
188
190
133
229
45
197
226
3
254
253
177
117
264
47
34
65
17
282
126
238
149
101
255
163
89
237
263
208
3
235
192
91
28
29
160
256
71
129
155
150
141
175
170
161
13
203
70
167
194
175
113
126
268
169
7
207
144
286
109
253
183
90
197
126
218
9
276
102
276
120
66
189
274
227
253
125
156
82
274
152
277
41
283
33
37
25
157
149
89
246
64
87
59
281
252
207
216
24
76
274
240
266
181
115
31
277
238
74
116
180
154
126
47
273
53
160
162
219
39
24
4
34
82
32
157
91
17
34
61
220
3
49
134
180
54
11
205
47
16
67
68
276
28
145
165
70
19
48
49
208
213
87
47
144
248
188
231
215
275
205
289
179
233
62
80
267
25
162
149
208
50
258
165
278
279
50
257
140
207
265
248
82
220
114
228
93
84
26
185
17
217
217
133
62
257
13
91
55
28
187
249
59
22
139
5
268
156
134
99
108
141
161
205
248
140
131
87
265
202
63
280
213
51
259
226
232
150
130
34
9
30
84
8
230
274
161
279
236
5
104
115
147
159
255
41
42
159
85
79
100
162
111
245
65
40
5
130
282
170
212
107
248
217
47
186
238
154
79
258
45
30
33
244
143
16
206
279
257
281
178
89
209
243
33
235
289
99
38
81
178
92
158
101
259
60
87
181
92
83
267
211
71
188
167
114
272
225
17
228
150
274
137
83
281
184
207
102
259
168
150
148
258
88
82
61
156
5
116
196
136
225
271
262
257
39
47
142
29
59
178
126
17
2
3
38
147
155
58
33
140
253
128
110
34
126
278
238
10
188
4
6
129
153
63
6
283
92
204
286
81
195
130
52
148
47
53
25
222
133
26
207
110
22
54
146
75
180
269
246
104
22
18
27
272
1
146
213
245
112
58
127
227
241
32
281
271
123
16
180
277
286
138
161
103
25
143
152
2
12
220
116
258
205
134
246
261
202
58
19
214
63
272
257
224
38
238
220
254
25
81
258
10
223
95
67
36
57
83
85
246
49
153
99
212
236
170
92
12
36
3
50
94
152
114
175
54
142
140
135
63
12
279
125
276
140
9
104
181
218
96
154
26
224
187
52
68
38
237
254
89
100
50
187
29
185
62
221
174
147
117
112
191
100
74
82
167
112
266
250
219
50
149
192
109
4
250
37
140
224
208
157
263
84
220
128
134
155
222
258
210
155
224
272
93
201
77
25
269
172
156
79
36
278
101
258
144
276
170
149
225
262
120
178
225
167
44
63
13
57
196
252
137
132
112
214
266
17
109
77
22
218
188
67
117
33
199
19
183
214
149
187
31
122
231
69
236
229
133
287
41
76
98
131
211
81
263
126
16
253
17
54
285
84
224
56
215
228
91
233
56
149
144
58
86
184
155
241
179
13
210
52
220
142
201
215
0
72
226
142
280
283
274
24
203
8
162
42
230
79
46
220
149
17
263
238
242
152
76
45
258
254
68
32
23
179
106
181
110
201
218
55
132
15
138
121
181
133
199
118
257
170
273
51
70
118
86
72
284
170
41
144
200
146
54
121
141
91
255
177
124
267
139
192
165
246
69
18
261
33
20
149
58
172
282
240
77
289
232
278
23
146
124
38
183
184
97
177
41
268
55
110
212
288
130
175
206
8
143
105
180
72
124
47
75
39
163
47
43
187
276
175
277
204
68
116
101
279
246
46
219
194
10
74
207
227
276
18
46
210
177
260
179
38
212
6
97
268
227
245
249
102
100
211
163
148
91
273
126
164
88
25
222
128
283
18
136
234
272
261
86
259
282
88
142
5
187
26
15
69
208
124
102
25
211
177
9
69
240
133
228
171
127
70
17
247
83
244
90
261
255
262
48
282
36
1
78
158
203
189
245
88
236
8
128
25
86
148
170
107
167
143
149
71
84
157
220
79
272
52
183
142
220
47
175
102
282
72
200
192
216
207
102
206
111
218
39
263
254
244
233
287
251
18
168
114
19
287
50
132
252
249
156
265
56
72
190
238
4
253
71
147
56
241
220
191
90
122
195
253
85
36
269
59
182
51
5
58
212
105
236
289
34
218
217
129
104
29
289
66
94
50
273
10
74
152
127
216
64
93
191
289
147
51
39
179
92
211
79
117
1
214
56
245
58
21
245
44
147
86
207
217
96
22
14
9
105
66
122
46
231
103
55
103
189
258
214
85
7
175
242
163
27
137
66
170
178
265
1
150
147
254
30
20
236
184
256
140
44
43
35
39
111
12
126
133
166
93
137
95
250
82
120
243
288
203
75
250
169
266
1
26
189
207
244
197
255
105
60
184
16
184
202
2
71
281
149
114
250
174
276
110
216
112
238
121
3
33
25
148
160
187
89
39
144
86
57
53
133
21
175
187
225
232
47
146
9
16
155
115
144
283
83
14
283
24
215
24
65
22
12
221
229
211
187
70
25
106
67
90
207
83
230
253
5
111
164
166
147
60
287
201
247
76
221
162
198
239
182
106
141
143
147
134
216
19
259
103
106
217
270
94
239
41
229
74
102
114
267
103
208
5
156
253
289
110
71
215
53
238
25
150
261
93
94
238
135
44
142
134
261
265
199
101
88
247
271
257
33
150
220
65
216
191
216
169
194
155
192
234
40
126
108
87
69
83
53
217
230
165
209
204
170
4
89
94
265
162
83
195
31
24
157
162
78
54
12
252
197
213
287
148
34
279
241
60
215
170
235
59
274
152
227
67
106
268
16
184
267
24
155
117
280
161
90
194
212
84
164
262
61
222
166
34
77
243
126
232
236
97
265
162
181
208
133
198
76
215
67
50
260
182
109
92
276
57
289
225
173
53
21
195
147
160
240
205
199
139
143
167
51
14
21
282
60
117
13
119
141
246
85
206
167
86
142
42
85
229
8
117
282
289
158
63
29
142
50
74
236
88
238
181
183
284
114
255
268
126
266
58
104
238
125
32
31
136
177
13
62
184
119
273
29
108
242
152
267
63
235
16
283
191
136
216
99
247
240
273
105
77
160
18
135
128
19
142
256
235
117
156
111
26
79
101
112
160
186
52
154
273
226
161
269
269
151
193
221
202
126
191
157
190
54
204
10
146
121
177
211
125
169
75
116
106
250
153
191
135
69
150
113
196
81
127
118
233
104
287
76
191
225
11
198
34
30
239
108
242
13
191
100
270
20
110
277
258
156
55
169
146
107
247
217
168
186
139
100
158
141
258
258
163
103
215
250
238
88
56
204
285
50
134
142
59
272
91
39
239
241
185
149
237
147
166
104
183
224
165
31
80
7
234
122
199
238
223
44
176
119
207
288
82
70
42
157
177
67
63
246
214
275
117
80
274
0
76
239
43
63
107
168
192
214
149
27
13
162
99
209
121
70
13
102
187
171
122
256
243
153
260
74
204
8
256
95
174
216
111
244
101
27
152
45
124
270
63
16
159
278
278
128
26
192
124
288
152
31
211
253
237
116
158
164
16
61
184
110
79
88
205
116
137
273
235
204
155
245
33
247
67
39
234
130
155
54
140
27
218
237
62
220
57
272
241
84
285
67
255
168
111
272
73
22
26
112
101
264
149
22
102
275
14
211
109
274
71
43
18
283
118
165
221
6
114
6
288
275
225
245
95
145
5
45
172
179
196
74
34
83
15
242
279
78
107
269
136
268
9
219
59
34
117
145
115
224
244
134
19
8
202
123
258
114
40
8
96
176
181
175
111
277
155
1
18
270
180
97
195
89
63
225
278
206
150
116
105
69
121
241
259
276
173
219
77
21
64
94
94
73
195
165
161
106
95
28
95
122
27
88
233
233
156
24
160
1
186
143
12
202
280
101
246
160
220
247
66
3
106
79
284
38
32
179
176
226
255
235
211
203
221
201
184
15
175
77
274
29
132
172
182
207
222
283
143
126
124
131
163
253
282
125
51
131
123
279
90
13
58
264
89
61
289
168
10
245
145
213
224
221
8
152
269
217
252
177
21
45
19
60
43
175
99
35
152
211
68
208
216
193
273
180
269
145
203
244
219
154
31
94
169
136
281
143
190
31
17
210
182
191
35
253
161
18
48
254
266
187
202
6
94
186
143
41
181
194
78
238
188
45
91
70
51
220
277
47
202
156
51
219
109
87
115
132
99
52
262
86
19
37
77
199
172
123
111
81
210
123
112
38
131
210
113
59
57
210
247
122
76
78
83
85
29
97
78
28
24
11
60
233
88
49
149
199
183
284
171
169
212
201
262
69
203
167
194
242
188
263
244
208
218
234
208
67
173
35
91
278
107
59
174
38
20
235
157
83
191
77
185
39
4
76
175
119
42
167
60
77
42
101
241
242
120
76
286
85
208
38
262
287
165
86
74
116
193
127
25
37
145
243
90
259
4
4
206
35
217
34
284
60
175
180
273
287
97
124
64
79
117
227
214
154
189
5
280
215
27
72
191
86
90
70
136
42
38
171
87
261
63
250
253
20
70
148
223
237
92
262
107
108
85
8
271
172
132
144
146
277
261
103
76
181
258
114
217
148
34
261
100
135
102
131
183
258
51
229
214
67
16
188
147
281
76
165
16
128
209
118
110
142
96
270
62
36
229
255
273
261
243
52
261
155
109
208
28
226
54
213
85
162
268
225
65
184
146
217
71
71
34
37
39
32
257
178
215
72
163
34
175
186
125
4
87
288
138
57
71
131
138
175
4
115
280
211
66
121
18
245
236
91
119
242
5
59
20
99
93
192
229
270
256
110
180
72
282
47
16
274
175
280
14
184
125
128
120
262
33
153
74
107
273
253
165
185
249
73
88
154
1
99
87
144
235
140
239
125
267
123
81
53
192
72
170
171
69
214
138
128
185
273
214
227
229
54
126
12
210
267
148
19
1
117
247
129
118
287
49
272
108
272
255
99
39
212
242
168
143
98
102
6
150
249
203
166
22
200
117
275
106
85
166
0
8
94
176
273
105
286
215
130
144
284
146
26
51
145
188
151
240
46
218
93
48
272
133
4
62
142
71
280
210
97
113
197
214
187
194
195
9
76
32
269
95
179
52
205
136
210
285
13
65
187
8
134
62
40
45
214
86
212
55
287
19
127
192
42
214
252
117
181
262
244
269
55
275
79
140
271
222
275
247
163
143
26
15
92
204
136
54
171
221
270
73
5
98
188
258
79
195
98
187
75
243
276
249
258
141
261
267
278
231
76
156
1
55
202
13
80
240
177
40
116
259
170
45
5
2
265
17
206
133
67
152
220
40
55
255
128
140
143
129
49
175
179
184
127
164
253
5
285
178
75
74
111
257
48
52
77
177
244
44
21
76
47
37
242
166
248
94
34
61
215
24
131
121
108
157
154
143
128
174
105
131
221
81
215
202
165
195
280
206
56
27
5
9
25
170
249
26
231
221
288
3
169
116
172
239
76
269
240
52
154
111
49
127
193
141
209
35
17
152
284
240
264
173
163
216
199
245
78
14
160
107
153
55
13
7
236
147
19
96
96
105
77
119
237
5
169
71
202
133
45
17
240
112
188
271
261
22
88
216
184
216
271
138
144
192
32
215
259
107
188
202
186
27
281
223
135
114
176
180
223
43
19
135
121
219
177
19
280
181
202
54
27
148
216
28
191
179
144
102
283
103
238
152
213
121
29
14
221
31
15
61
180
118
287
265
253
178
213
264
10
84
236
1
84
88
229
240
58
119
182
36
11
7
149
223
149
7
286
192
233
178
151
164
277
64
83
150
121
143
245
40
154
24
111
268
219
44
251
93
202
229
101
8
131
8
287
219
62
55
135
285
125
192
221
88
47
167
74
137
220
194
88
249
18
119
178
181
123
263
200
222
129
67
32
146
17
217
240
267
196
28
264
4
213
42
176
140
222
127
245
29
277
204
208
