897
2163
3736
2688
2069
1146
4639
538
1757
4792
3056
1938
4033
176
2489
3147
2555
4051
513
3378
1772
2665
719
3910
531
963
1790
3479
2910
4027
1004
49
2763
4093
1149
2848
2326
3966
654
4669
4307
4881
2040
4888
3738
2318
2480
1593
2774
2238
2430
4720
4817
953
4347
1367
2574
4760
23
2199
570
816
2839
639
2100
1028
4006
3551
1017
4388
1753
4179
4635
4288
1448
3973
4426
3410
1165
3248
277
4215
4781
198
2758
1398
1606
696
421
194
3308
4453
3629
3669
1414
2288
3898
889
4117
2556
2084
2033
1107
4783
3000
316
1417
1829
2167
4359
3140
580
2289
1546
3611
4521
1410
327
3813
2076
1341
2098
678
1580
1823
2559
1854
2160
2752
3467
1480
3203
4212
3889
1417
2880
4570
4874
3869
3364
4148
407
2019
2379
2958
4843
455
3188
2138
3831
1440
385
1975
2560
69
4349
3075
269
3690
3075
4583
558
597
3279
1686
2662
3663
4506
734
3193
1824
3917
3734
2204
1162
4856
4709
2306
1370
3740
1008
810
4246
1527
3992
3992
3717
1609
3029
2403
2556
1480
617
2886
2664
1527
3157
3269
2401
2536
1216
2297
1294
3634
199
2033
2913
1448
4833
2921
1883
2680
2978
778
4425
4317
438
1274
3985
3071
1312
2206
4200
4520
483
89
4016
1308
981
393
2850
4246
4420
19
401
693
1512
1358
4377
566
4981
4022
3606
3055
1814
977
1126
4458
1583
3685
3314
2049
2470
3073
3616
4117
261
3610
1714
2309
321
4531
4654
846
3991
1319
4919
739
4685
948
1630
2921
3236
2110
2792
3211
3890
4609
3230
4546
4336
2934
1941
3535
4837
2322
336
1533
1050
1969
1908
1928
1978
1101
288
422
4915
3756
3926
230
2156
1662
4939
1951
1366
750
3301
3124
419
1825
666
4414
4477
2816
4156
1778
2038
1740
4029
3971
4057
1649
3473
662
1339
80
2815
772
3015
4100
4154
2643
3698
906
1234
3959
3393
1690
728
2159
3936
2654
4036
719
4535
2610
3527
1052
4188
2758
3031
4822
1327
4729
2356
638
786
3046
2081
3056
1569
467
3282
4183
3357
4862
4376
948
3363
1082
2452
1851
4506
3519
3435
2033
4852
1695
4748
382
3986
3685
2530
2966
389
622
3064
2781
167
4008
4966
3380
2222
4541
2520
3372
3531
115
1374
2412
208
979
3175
1546
2788
1135
4699
3323
2601
4137
223
4608
3138
2186
2812
1223
2585
4276
28
652
4961
3812
2050
4266
3545
72
4258
4022
3426
3215
2373
3383
718
4888
4957
3292
1804
504
1322
1497
4182
1706
3513
3309
3004
520
226
3929
1925
4277
1555
4331
4928
557
3635
3341
2184
3843
2443
4523
1756
3908
3764
1739
3695
60
3468
1820
4753
2181
1026
907
4218
760
3223
381
1440
2806
1759
4924
1915
4812
1004
4961
405
1092
2947
3146
3012
173
2585
1352
2532
2013
4113
2228
2465
2672
2552
1142
2766
4786
2877
3951
2321
1191
3220
4240
2386
996
3241
2012
4796
122
72
2570
1155
1097
1217
3560
770
3955
682
280
2942
2838
3887
1752
1209
2587
1704
555
1120
3267
3561
4000
4613
404
110
3801
1421
1282
404
4255
1965
694
2063
1834
2602
4106
926
3307
2441
2210
3811
2246
513
4058
866
3547
2367
87
3247
4504
2702
1836
3613
2721
1010
691
3876
1068
1466
2619
1646
4862
227
952
3807
2499
2353
3762
1831
2915
3395
591
2568
81
4609
1648
1490
1492
3770
1914
2903
2942
3071
4443
4761
1973
1815
2320
3630
1245
828
4933
1732
4833
1205
2955
1373
1266
2638
2671
3238
2059
3450
1826
530
4804
3396
529
922
4909
3889
1002
2936
4360
4150
310
2989
4270
3665
1052
863
2807
4086
3916
3277
1811
4079
2524
2396
3471
2688
1328
2868
2974
975
3722
3669
744
2775
685
3659
4481
4798
4574
3594
131
1671
1317
1343
2477
1949
4921
2282
587
1444
2490
4457
4493
746
4310
699
2879
36
2210
3201
55
3545
1409
3365
581
1526
3482
106
4562
421
1762
4134
612
3572
865
3719
31
2480
4274
4514
819
784
2762
2140
962
753
3994
2220
2041
522
2106
4279
4471
1603
2139
3095
3812
3326
1368
2700
2898
2144
3884
1691
2959
4861
4228
3878
3611
434
4002
4392
325
115
3251
2166
4718
3
3257
2878
1798
3106
4223
1620
3375
612
1909
4323
3289
844
4226
2786
4253
4236
2402
2313
1316
1299
322
879
3116
2325
1510
1735
2150
2989
1600
4222
4562
4314
1381
3997
254
3193
932
1246
4269
346
2237
4843
1515
4323
4187
7
3875
3022
3629
441
4115
965
2010
3413
4880
2535
2797
3628
393
1336
3781
1361
3947
377
1752
938
1053
758
1685
470
4491
1870
510
4955
2796
120
748
3998
89
1665
2092
2802
2942
3338
4992
150
739
4972
2611
3034
4310
1452
133
4980
3495
4224
3946
1580
525
2989
2671
1386
3351
4652
2244
1270
2002
4327
2425
2509
731
1927
416
3306
1738
3254
4633
2197
4425
3439
3768
1721
3949
2498
4256
2512
291
2803
4619
319
5
4816
2063
1273
3155
2566
1641
3168
2013
4570
1867
1543
1320
1615
3533
3237
4585
3916
1194
3434
3458
4548
2494
509
3252
2827
1875
3711
1356
1187
2547
2823
4273
1215
4776
634
3760
768
4034
2213
1948
1423
1370
4917
3710
1399
3184
2920
532
206
1969
629
443
3083
756
462
1241
2978
967
4144
2508
3793
4731
1688
2153
3691
758
1166
3458
3230
2542
4324
255
4431
1743
3320
1559
2134
2568
2729
813
2722
1834
4904
3937
3707
4756
151
881
2211
1110
1335
265
3618
3580
1306
3174
2826
886
4747
1251
1893
1978
2421
549
3731
1549
53
3413
2677
4334
802
1587
2018
408
1862
887
406
1987
3202
3686
4191
3720
2870
2652
2608
4786
617
1664
1606
1393
2546
3073
1273
3678
4671
2326
2149
2171
2123
1665
2548
4049
4204
3982
3307
1709
1436
4793
1578
4061
1363
2555
3749
4624
637
3906
381
259
842
3044
1363
2067
4918
4435
3371
2640
4548
1066
879
1570
2127
4646
4017
4065
423
330
3909
2959
4165
2484
4946
3150
4097
3771
4076
1765
2817
4705
3911
854
2077
2508
502
4391
4
4468
4521
780
4640
307
1390
1990
3858
3130
79
1271
2633
2801
1884
2119
3336
407
3535
1120
1115
3227
3940
1531
588
4979
4801
482
4162
2193
4939
1899
706
1390
2698
912
72
1178
1388
3507
2751
2994
4766
4223
2538
1422
3868
2455
1519
265
3005
4522
439
3030
743
2573
2502
2936
784
2616
4223
4112
2654
3469
1726
1207
3166
2029
3139
1926
1673
3824
3546
2113
3936
817
3061
3792
4224
203
4522
4249
3398
3989
3659
2622
2445
4450
460
1395
1815
2801
3123
339
517
745
1392
4037
2262
2052
4885
544
1087
89
683
3396
1392
4593
4502
3536
1783
758
4377
1627
4136
1271
546
1299
2115
1660
186
4832
3371
2968
4217
3297
1361
418
4773
4347
1164
3561
369
2782
4622
3219
3376
3136
4348
3397
1125
4458
944
4798
3040
424
1910
2875
4151
1032
2711
4411
1413
255
574
4399
2399
4153
1824
3492
3435
4533
2584
1324
143
3249
4213
3456
3776
1202
726
570
553
2934
877
4683
3694
3036
4884
1230
2742
1831
3840
1968
3071
1478
909
2410
495
3848
1544
2045
691
4807
633
4292
2616
557
1441
715
480
4052
979
3349
3869
472
632
800
4404
3786
3961
4963
2476
1909
201
4883
4178
3635
4750
3328
2744
936
2638
4557
178
3366
3700
615
945
2361
2564
1073
3413
129
3907
986
2362
862
249
20
2196
108
3693
3478
679
21
4231
3200
2013
2971
1768
2064
4312
4353
4505
3645
4220
2767
4334
4807
3667
2549
517
4077
1844
1669
4856
1329
4376
2688
2859
1752
4582
3316
3659
4926
2784
2194
2864
1163
4886
101
4368
2525
141
4390
61
4513
4638
4024
3716
505
4407
3450
4475
2456
4168
2750
4776
4369
805
1670
4280
3215
3666
1478
4803
3903
4209
2712
200
355
1439
2437
982
2837
207
933
1153
1513
881
2956
4863
247
1245
2323
3457
117
4249
1259
2204
3052
3357
4406
2295
4721
1859
1029
4312
4981
4292
1443
2422
1335
4110
454
1008
3263
1607
1166
4065
3046
1193
4330
4617
4944
3248
3658
1718
1496
3509
186
169
268
2517
650
4890
1646
2608
552
1208
2126
4419
4833
2255
2608
3571
2464
348
728
3222
2310
695
3197
728
4079
60
2855
1761
4152
539
1370
4101
1098
2502
2540
4148
3576
2035
2504
1141
1557
727
2929
4410
1689
2084
4895
396
3186
2937
183
4461
3432
1075
2643
633
719
3694
3154
3569
1541
1155
2277
2193
1361
1994
270
557
1220
527
2766
4813
4967
852
981
36
289
585
1280
1428
2241
1215
1403
4936
662
2265
1050
514
1201
1129
3875
4311
907
4913
3454
4102
4735
4096
1259
4750
891
3616
3634
2908
3365
3615
3881
2596
2507
4296
3922
627
1371
1949
3214
2809
766
4949
4943
2507
3762
2127
1130
4912
1697
4702
3828
1108
4869
3635
1758
2150
365
4570
1347
2997
1360
2665
4889
4067
459
2458
4572
1203
1265
3162
2548
3977
3939
646
3762
2887
4413
2442
1180
2327
315
4962
4406
1641
4162
4050
24
1531
2037
4977
4553
712
4891
16
3751
1965
151
150
2001
2371
724
87
396
3879
2200
3976
2915
3043
3600
4245
2929
798
2900
2722
1435
2720
2049
2575
4236
2647
2957
1584
235
3903
1132
2347
3186
2969
4911
3117
1354
1221
2758
4790
2730
1214
1874
3066
1781
4296
2984
384
480
247
4186
3283
64
4551
3540
3343
2331
2961
4461
1930
1843
360
4311
3742
1494
1351
2812
4172
937
1914
949
2150
1686
1726
3045
2739
863
660
2199
1527
3077
2025
2325
2360
332
2508
180
2301
2980
1325
760
113
3232
4643
867
375
2738
3067
1665
1001
4909
54
3041
871
1635
2522
3424
3599
3112
1622
3591
696
3610
1262
867
1374
3694
3522
606
1795
1612
3567
2238
2435
4498
4530
1089
1953
2135
755
4256
4689
817
1744
263
3445
957
1307
1728
4786
2548
625
675
3711
3729
2590
3305
2867
100
1117
2479
4598
4634
3005
4624
2725
1981
4139
3147
2674
3583
184
1251
3245
2121
3837
1594
1360
572
1958
3594
2544
4571
4005
2370
1773
186
2597
226
522
470
2258
2986
165
1556
4420
2638
2708
1861
4429
1953
298
545
1545
1249
3565
4321
3070
284
479
1215
4359
3881
3344
571
260
3470
510
3869
3240
2208
1384
1904
530
453
784
1311
3639
1362
2113
2977
532
2309
1453
3229
3221
2267
3577
1817
3182
4036
790
1665
3948
3050
3082
3704
4070
2237
1347
3796
4814
4693
1775
2209
413
3021
788
1178
1626
4123
2267
3832
645
3965
296
2081
1747
2983
4390
3928
3466
2588
305
2379
4527
1649
4376
3106
2333
194
1330
2721
235
3845
1160
3359
4757
570
1779
1840
4735
3364
148
3840
271
913
2976
4965
4215
1952
4606
3433
4089
86
3219
3447
4050
1465
3257
216
3572
2165
2830
2830
4230
1865
1313
4541
3290
1921
2261
2900
4727
2781
2729
2886
4491
3022
2193
2552
4214
2621
3109
4051
4151
4469
3642
768
4852
4898
1155
3544
3044
1243
4216
2501
1096
4160
3820
1419
3651
3825
36
3547
2471
3555
744
2184
880
102
4205
3783
1789
1878
1599
2456
554
1187
4430
4726
1316
3728
4154
3849
539
3174
910
86
4283
705
4315
57
2123
4697
4266
988
4037
2342
2909
2082
1639
2562
4756
2541
3169
4126
2591
1852
4553
3180
1289
2781
1780
2288
2327
844
2225
3285
1386
1855
1745
2053
1376
3212
472
1047
4392
1215
2394
3979
2399
2253
274
1436
3264
1458
4094
1259
4
1545
524
2074
3751
3209
3900
4614
3435
1692
2476
4963
1780
1841
575
352
4112
2586
2830
4818
3498
2967
4287
1105
4048
2550
2677
2092
4999
1456
867
2691
1503
3330
57
2766
2513
447
1262
2086
1065
2065
651
29
2277
1470
2441
1283
4815
772
770
4988
4575
3916
3283
4930
1062
4401
969
2210
1362
1947
4387
3796
2384
2355
66
2383
2823
4978
2960
4365
1588
2776
1776
4412
3391
150
2398
1785
2446
978
1417
287
2254
1785
3179
3721
3683
2192
2300
858
3785
1641
3634
3338
1548
22
4959
925
4590
339
3679
2496
3682
375
1527
4951
1641
1825
3005
4604
2316
291
2919
2582
4987
563
2140
3755
97
766
2988
302
2240
4989
3915
3225
1430
926
962
4282
3026
2564
4485
1594
4750
1740
3080
2011
4954
1928
280
1763
141
66
802
2082
3502
3078
2765
2962
1579
1345
4365
3716
4767
1061
1618
2762
2115
2595
3429
1411
10
1158
3240
2682
4339
2908
810
835
173
4337
1000
799
2334
2393
510
3012
3057
187
1079
3515
2073
4192
1758
4246
821
2507
2034
2357
1242
4943
2735
4022
2032
1987
2039
3064
1616
72
442
4835
3004
3279
137
3245
472
1576
910
1405
855
2593
4444
4085
1542
1346
4591
3599
2842
177
3569
2911
3394
2917
1679
2261
2603
150
1447
4420
1796
2310
3094
1890
2451
3020
2051
2411
3996
913
1037
3973
1871
2318
2761
4207
499
711
498
4016
4635
1419
356
4320
1732
3454
798
2423
1177
947
2573
2280
880
2444
619
1291
173
1980
4536
1373
3438
462
1632
4275
1590
3074
4152
348
2554
603
104
3532
2204
1473
2212
742
4311
2955
2446
2644
1170
4850
566
2672
2740
772
1415
714
860
2359
2667
1528
3245
3826
628
2960
2840
737
1684
1163
4830
579
1614
555
3133
3726
1646
2558
1361
4707
3506
4316
3267
4264
4802
2424
547
2153
1767
3822
3157
906
3923
1054
3791
1189
4056
4758
1482
3563
249
1464
3674
80
228
4234
1334
384
4600
3712
1115
2116
157
1403
105
2363
2804
1529
3147
4742
3870
2726
3163
1195
1923
3095
1435
178
1409
855
4207
281
156
1211
3773
1422
1957
4155
4648
1941
438
1601
3081
3662
732
3803
3504
4523
2870
2279
1389
2232
4243
1349
3982
3531
4886
4117
2460
477
1657
984
664
2317
4674
4328
4232
1303
4444
1011
2883
2051
3363
4482
3656
3106
4966
4453
47
1614
2435
4548
3346
4772
2183
3776
1891
4064
1575
1389
528
4149
4224
2965
2545
4386
162
2897
2921
4978
116
1285
3913
4074
1231
4298
4200
1231
4268
1221
4179
4536
2165
1860
861
2494
3301
3833
1200
3721
3327
3431
1137
1076
1783
811
1327
2530
3120
2729
2353
4248
161
3966
298
2013
984
4187
2207
4842
525
935
330
2092
3051
857
2924
692
4806
511
2630
4422
4759
2112
1331
455
4393
117
4150
1776
3495
4077
2535
344
2839
114
3138
344
4830
3803
2807
1325
1499
4580
1676
2457
1013
2173
1423
1456
1108
2639
548
2077
863
3202
1855
4957
1288
378
2817
2109
496
3790
1730
2024
791
3627
2118
3004
4358
1003
855
2019
3471
1104
4901
1556
4819
2110
791
3100
4075
231
3112
2224
2112
4552
3476
130
1596
3760
594
74
2308
3138
4018
2973
4907
191
4967
960
1522
303
4655
3659
1079
1180
4456
3007
2970
3213
1870
89
1734
2500
4204
1467
1667
1213
1291
980
668
2298
3159
859
4882
2705
2238
2330
4945
3940
632
2155
524
4910
693
2403
4374
1785
3597
2633
2549
1104
1615
595
41
4740
2504
4632
1941
1656
4900
793
653
839
1042
3380
3000
4530
1828
2293
4994
4607
28
4386
4264
2065
1697
234
3000
3120
4185
4748
3324
3322
349
4785
2675
1725
1529
1119
4228
2317
817
1721
2945
4610
551
449
1606
2579
92
4090
2916
860
132
1229
2692
3696
3291
520
4417
2292
4382
1417
1516
4419
3431
2019
581
4356
4079
4990
3186
4077
803
2448
4505
4222
3748
763
291
4135
2621
2364
3872
4529
3362
4099
3349
604
1275
708
613
3258
2823
2832
2740
4089
185
2154
1625
4610
1366
1836
3297
1513
4385
3273
4461
1944
2321
967
4324
2056
647
3090
484
101
2837
1772
7
2811
1867
3238
441
2821
2605
4826
4209
1590
3851
2491
4429
3202
24
3529
4568
2236
1265
4746
3504
4687
4699
622
314
3074
4345
2204
2901
2758
3235
3296
4750
4052
836
3067
1973
528
3593
3390
739
786
979
514
1568
2852
4987
3120
4452
4986
3451
3629
4385
1475
4188
137
57
1139
1551
3858
4537
1967
4377
2529
1778
3109
4225
1666
4491
1863
1147
4747
4262
4204
2812
569
321
3818
4836
2686
2645
3281
4703
4282
2781
3520
1599
499
2177
3598
3658
4437
4898
239
2936
258
2016
72
1359
1951
4345
4793
2048
4599
1767
3954
2578
4966
3805
798
3232
359
3459
4054
2941
259
3296
3618
3806
3453
334
3180
420
399
3222
4714
4728
2584
1540
3361
3064
4648
4276
3663
1065
228
293
3336
3059
692
4560
2861
70
82
4128
965
3807
2568
1359
4956
1387
519
4353
4952
1101
1912
1259
1122
2580
3735
3600
3772
4643
2599
191
3156
4135
1752
4654
3641
6
4839
369
1749
3317
4443
717
2387
163
1049
4639
2671
3396
4322
4208
42
772
466
4406
682
1142
4913
2114
4959
4085
671
4323
2194
1140
2637
329
573
2383
4443
161
4308
3526
621
4971
2543
1274
2296
1138
584
2901
4679
4702
2991
823
4473
4936
1235
4540
1666
4388
81
4460
2257
4566
4962
158
1586
2984
1492
4574
2204
2826
3558
2782
1051
239
3189
2152
4233
1293
2096
2362
2041
4709
770
3967
3525
353
3575
3600
3346
2359
2598
911
1020
2008
2233
3565
1923
3927
873
1042
3705
753
4383
4645
872
1180
454
4652
601
3118
385
2590
959
2987
1665
4127
170
706
4815
1585
2162
4692
2894
3886
3673
453
1517
3771
4249
4275
30
821
3273
2882
3676
1639
3495
4419
91
2500
4762
1563
2115
1753
3407
1122
3793
3875
4953
3340
2164
2546
1119
3384
3448
1577
1191
68
1513
4571
4350
1325
3016
30
4684
50
2066
3812
4155
2517
3932
338
3214
2196
30
4964
387
3994
211
135
4917
2341
2000
3400
114
763
81
1780
1287
4995
4420
2942
3621
4607
1612
4386
1773
3097
1525
559
4404
678
808
313
2124
2091
1380
380
3583
2109
660
232
4768
1864
765
2036
4713
2643
3753
3629
3317
2181
3048
2807
1953
2786
1111
642
3817
3232
2781
4997
1785
1336
793
3304
2628
3651
2411
1374
2444
453
3589
3643
126
1533
2034
1493
4689
853
2807
4803
1918
3051
550
2328
1989
3899
2392
2785
1450
243
848
3636
4100
3553
4856
337
4717
2020
3462
1954
41
3439
2391
3071
2551
3599
4298
3638
1945
3584
903
2990
1314
3442
4809
3719
1550
4915
2320
625
4178
3969
3599
3329
4180
3960
3015
1448
854
4160
1419
3339
599
817
2791
2472
1092
3115
1767
2011
2612
344
4251
3009
4446
4398
1401
2474
425
3045
1321
3409
1509
4189
4038
4621
533
2670
1292
2233
379
4256
990
191
2526
3848
4619
4772
4990
3353
4044
3632
3867
3159
1694
875
380
745
373
1280
360
218
4089
331
1638
4486
2253
1338
4054
3525
1397
4287
3363
1429
2354
761
4430
1221
3216
2722
1665
287
1168
2672
283
2343
357
4533
2433
2889
4456
1634
567
801
3791
3204
3869
1252
54
3751
707
727
3459
2574
3620
4122
903
3402
232
138
3367
3262
2710
1722
4888
1810
4738
2023
1644
3526
3720
1544
859
822
1846
2302
4719
631
2733
4116
3251
4788
3635
2173
576
2679
2458
97
3313
4898
4903
2229
1935
677
4158
1039
4179
397
4641
3228
1078
2186
2168
2834
3245
1471
4469
4388
1567
195
2839
3509
2340
4796
3962
556
2672
225
1063
2832
541
844
1539
1213
4284
3386
4449
2942
3656
4323
4651
1250
1951
936
3155
3735
2915
29
2266
4624
4842
4227
3227
4483
1610
1853
147
2036
676
1409
2235
3622
4761
1328
3915
1441
4773
538
3776
4549
1111
3721
2721
1761
2735
1536
4525
227
3393
4057
1730
2258
3554
1462
2727
4832
4096
464
1542
406
2115
4571
2770
3051
1719
1234
331
1419
4442
4325
499
4563
4885
1056
4937
1784
2624
2706
3281
2798
770
2114
4074
838
1966
1305
2349
4585
4328
2607
4541
1442
1717
1710
92
313
1675
331
4664
2320
3607
3321
4197
3495
418
435
4183
1915
516
4830
378
3550
3646
3504
2099
2720
858
440
43
1887
185
774
2571
946
3104
1738
3681
4038
2960
3754
1683
771
4213
1455
2545
3823
2268
2884
1531
3112
2524
1204
4364
612
2470
1154
4955
3847
639
275
3953
1549
3049
4638
734
3752
431
1128
3541
2823
1675
2158
2987
1501
811
4512
3222
1219
1834
3800
4216
1879
4229
2620
4633
2068
3139
782
1563
1329
1767
2820
3015
2327
1939
3412
349
1381
1392
2914
1832
3425
2266
482
1236
4067
1075
336
4254
4493
2482
4468
4509
2201
2701
2316
3371
1834
1977
3515
22
2607
762
3828
459
2776
505
4406
1975
2979
4221
3452
1705
3978
573
2804
4301
632
2928
2522
2430
2730
965
2716
2323
2097
2335
2275
4380
3482
1882
4381
3552
3428
2831
2104
2589
3328
2300
58
1215
1918
3413
4092
4593
4573
4817
4863
3952
4725
4773
176
1616
2590
1984
2953
4602
1705
2455
3095
1849
1165
2961
4888
4770
273
3999
4973
3822
3808
2971
426
1106
2694
1906
2039
2856
1253
4257
1529
520
2148
3010
3260
4363
459
1390
1495
3562
1071
4299
1141
3313
3834
4165
2951
4342
1467
4793
2079
2863
4522
165
3822
4076
1539
2356
697
3191
3876
4184
1011
3423
448
3967
3403
2033
3212
4345
2615
298
2535
2424
3448
2817
4144
3246
45
4803
277
1873
3023
1041
1255
3505
2421
950
2162
517
4938
1275
1045
1474
4788
3284
3222
2458
1287
848
1261
3381
733
3951
4757
307
858
1674
4396
4615
4625
2318
776
4001
3682
254
276
3765
211
3260
1852
505
2974
4384
985
3988
403
986
4851
3310
2491
406
4305
137
3405
229
490
1839
4230
3574
1858
2566
3215
3667
2585
983
1469
947
2906
1546
3999
4479
1909
1731
2687
1458
4035
1124
1907
1289
1375
2720
2240
1011
400
3655
942
147
4779
2728
2157
4405
4661
1635
2003
2044
1501
241
172
432
4146
1138
3762
607
3104
1500
4114
4195
4189
1688
1422
140
3888
808
754
4213
505
1577
3360
1712
3704
4086
4103
221
4127
3958
4436
2881
2061
4029
1517
1823
2879
1687
3476
1377
3902
4528
1081
1629
315
2590
4849
1119
2889
4559
4483
600
4170
2617
158
2132
2984
735
250
1393
170
559
833
235
4886
4712
872
4249
903
3821
478
1536
4600
1522
4335
4140
1527
1560
1125
1065
1897
2610
1641
4475
1249
3449
2534
4471
4331
786
2833
3548
2859
2411
506
2449
2444
3508
1343
1142
1404
4665
3805
3662
4938
3225
1318
4838
1676
3572
1804
3919
3162
825
1055
1013
1552
2796
2630
340
2009
364
4275
872
2065
4201
1089
1873
2397
1313
1750
1439
3226
1806
1542
2192
3604
4119
3358
2636
1266
2469
2002
3582
2522
3097
3736
2391
716
2206
1539
474
766
4888
221
533
733
2693
1248
543
1126
4060
66
3832
2880
3774
3234
476
4722
4271
2407
3488
1092
1262
3334
2512
1678
2815
3206
2291
3202
3798
578
2899
2164
1509
4297
1883
2040
483
3016
754
4878
1384
1193
4087
836
1706
3891
3705
2903
1948
755
2425
4021
3729
1104
1310
3515
1975
950
27
3311
4458
940
4283
107
4358
13
3109
3095
4428
2486
2325
4135
3311
3434
4537
4200
1447
1480
3046
1923
1846
223
4896
375
4882
3168
2336
199
3168
2909
4685
2863
3528
2680
1381
3064
4413
4380
1668
4984
4516
3640
4835
2971
3670
3392
2908
2349
2464
2164
2983
732
1702
922
4887
4810
338
1593
2422
206
638
3079
1541
4456
2379
50
2775
3045
3230
1615
2649
4073
661
2777
2049
2170
2451
805
209
4278
3802
4446
1517
3176
3617
3597
1973
735
3974
2299
3582
4133
1950
569
3574
1646
3738
2789
1755
4240
2812
4448
1781
40
3587
2950
2426
2584
2337
3382
24
2510
3404
1930
2879
3727
549
4087
1110
2920
4139
2080
2801
434
4064
2061
4303
1938
4013
3752
2255
3590
1502
4756
1485
3495
2000
4673
1522
1819
1253
2357
4248
740
1693
497
1923
3663
1338
4386
2704
4273
1595
2501
4927
761
2370
2259
195
4526
4472
3485
160
2440
2171
1709
4693
3592
4668
1721
3817
715
97
1509
957
4021
1658
1159
163
4485
4307
3957
82
2215
1205
196
2518
2486
1174
4169
759
4148
2555
4990
216
2568
2715
2635
3168
2111
4136
36
3647
474
2821
4994
4481
361
4168
2119
139
3521
1444
60
757
704
3233
3232
3026
458
3517
4824
636
4579
1253
3249
1860
3512
3984
646
2577
1481
2278
2611
390
3068
3027
924
824
2788
859
1707
4179
1582
740
3084
3320
492
2053
3344
2613
4867
4144
884
2105
2176
1651
1695
3776
3911
3696
2537
3190
3608
434
3131
4385
3445
3183
4781
3020
3815
2097
116
314
3625
1765
2759
457
4035
131
4211
2183
3069
2231
85
2092
1487
4375
3296
1049
3817
3259
2865
1146
3590
1509
4671
3812
3984
2001
4963
3195
1423
1207
1578
3772
1562
1532
3850
3362
3449
364
2855
4399
615
856
1913
4876
4603
2649
3491
1482
3629
2215
3364
796
2849
592
2703
4441
3107
2443
3225
3415
26
1865
2173
746
747
658
507
121
1711
3645
3653
3182
3130
1451
510
817
3836
4490
714
4095
1733
2050
4982
881
4673
2736
1788
3659
4177
1547
1473
3824
4977
2043
622
3356
3288
1928
619
3091
202
3467
4743
2741
1039
1316
2889
675
4209
1846
3293
314
2401
4919
4365
1466
2029
4065
799
1214
3545
443
2966
4046
4390
83
2015
12
71
3912
2546
2633
4388
3525
4406
2363
4315
4554
4262
4601
2459
2609
3537
3402
557
2343
2733
4686
4712
707
4881
4905
4816
3939
2545
2579
4321
1674
1923
4885
3504
2357
4755
314
4050
1902
1234
2333
4696
3817
3540
2312
4266
628
3572
4505
4908
2347
1262
2030
4087
1830
590
12
149
2172
1828
1029
4939
4686
2792
4888
3608
1690
3777
1486
778
1884
3239
3307
806
961
3075
3998
1664
1787
645
122
766
1589
4692
2272
1153
2552
1863
4941
1439
3348
816
1956
2614
609
4587
4165
3753
2731
3506
4884
4982
599
3618
4776
1327
3738
131
4782
412
4951
4426
1005
2703
1734
1901
2601
3843
1783
1623
1620
3854
1277
4025
1351
449
246
66
1035
741
4654
1557
2347
1884
1056
1725
4919
419
358
2197
4166
916
1188
3168
4906
1864
1227
3047
2144
3898
2016
1273
2339
508
1448
3647
3382
4002
2013
1197
3262
2196
934
550
1460
859
4678
979
4123
1667
2227
2230
4304
4877
4604
1504
2731
4563
3277
2259
3942
128
3024
1212
128
4832
4942
2150
941
2142
1390
578
355
3896
269
4088
3940
3400
4096
1300
370
3634
2484
1897
4206
215
2364
1696
965
2882
3145
3656
3492
506
3663
3418
1780
1433
3589
483
2552
2564
1855
560
2156
1850
2427
3448
855
2824
294
3072
2925
4190
4615
592
1260
830
100
4637
4811
2383
266
3898
4642
3613
456
3050
618
143
4999
2582
1031
2479
809
4349
2861
3718
1377
2551
2739
289
3571
181
3526
593
42
4961
3006
1487
1330
755
1724
2467
2143
4872
2584
1912
124
1767
577
2004
4836
2369
2210
303
1138
4230
4383
3176
3205
2247
672
4536
1841
3624
4706
3612
1942
806
3634
1008
4853
548
68
1291
2446
551
4985
4528
3901
498
3622
4239
3074
3759
1863
2037
3675
4354
4091
1176
620
1781
4548
1834
4887
1486
2543
2473
651
1556
1589
4279
3061
1879
1987
4222
2579
4340
4173
439
909
459
976
1004
4344
386
225
1723
4350
405
4297
1840
1848
3200
3978
1388
1759
378
3167
778
1032
450
4583
358
2058
186
1566
692
3869
4688
2651
3406
571
142
4374
1282
4585
3680
17
2616
1677
4584
4950
2067
1744
4142
3217
906
282
3031
3521
2236
2169
1593
2423
232
3394
3947
201
651
4985
335
153
3286
3721
1777
1884
1748
2971
4860
3440
2087
584
2976
597
1877
4112
3496
4206
3980
3318
3297
2028
535
4824
2275
4338
1478
826
4737
3024
3936
2970
3075
3399
4874
2087
870
2036
2444
3696
4334
3858
1379
4840
4271
3820
1940
831
4858
2518
4074
4907
4004
1144
4825
1830
17
2131
2438
4240
2171
2508
3329
1652
321
2783
4086
975
3141
4508
4278
2307
2096
3505
264
3363
638
4418
3063
909
392
1087
3961
4762
1905
551
870
2023
197
585
4815
3412
4656
551
4963
4609
227
3697
4029
2491
3670
4916
3840
2912
105
4147
3013
4579
2318
620
266
4986
429
1573
4700
2580
4199
4604
1304
1703
848
1235
1156
3037
2937
2513
3288
491
2596
4505
4113
3104
4336
4078
1406
4245
500
3219
2409
4569
1922
3617
3559
4120
4265
853
1378
4844
4096
1171
3289
3234
3714
1033
2356
2320
4091
4611
1064
2408
4361
1442
417
2915
3695
3364
1786
4817
1640
2746
1357
71
