3084
6548
2181
3660
4991
6740
9168
5119
5684
5631
1245
4297
2603
1803
1805
190
7306
2625
6147
177
1281
3023
7189
8596
5398
3140
9880
5294
3801
2795
6675
5219
6627
4088
7722
6273
6170
4183
5356
2149
623
3620
4589
3606
7824
1890
3358
9619
8387
9727
4951
1460
429
1341
7739
3742
1518
7205
719
837
9565
8210
8299
45
9398
8705
8659
9197
3299
3992
2364
3314
7057
7073
7932
456
4901
3230
9552
3680
7401
1544
5095
7998
9205
831
6304
6862
7889
2055
8413
7911
4542
3339
7061
6270
7707
979
2351
5761
1924
600
1451
5977
6593
3861
3445
2667
2616
6901
2980
2560
5097
4053
8101
4547
6408
3777
6315
5438
8416
2032
9126
3262
4716
7424
2800
8524
672
5343
5898
1134
7277
3686
4910
7693
5390
5070
3405
8399
2308
6465
8268
2394
9010
4027
6376
6682
2488
2523
6374
2078
256
2625
5468
5958
3463
747
263
6683
2202
2915
5554
6111
6922
7860
371
7277
6990
3409
7177
3141
7691
650
7472
8991
796
1915
2132
1955
7758
7682
9412
3798
407
2851
7035
102
6445
8802
90
3894
6678
7289
7175
4325
2149
2813
6782
412
965
8699
1427
4528
1670
8690
9375
7745
5494
8319
4861
8423
8979
2600
3044
2437
2244
2212
4306
4806
5948
4357
8885
2016
8507
4285
914
3986
3323
2760
1558
67
1578
1100
4105
5886
319
9257
9351
3825
978
9262
5844
9034
1561
4551
4105
4818
749
2039
3632
2444
1091
2788
4549
1890
7538
6926
7631
7418
4623
4718
3566
2793
6477
1432
304
1129
497
2105
7986
4115
5282
9495
8510
2972
88
6247
9867
272
6239
4827
7560
6184
3147
8744
7935
4538
5485
9285
6911
3393
345
8611
6636
8454
8456
8114
6680
8579
4740
9880
4977
9828
8845
8881
6929
282
8846
1849
5660
2227
9722
367
3566
2284
9112
4221
3921
5960
5517
1403
2203
416
2855
2178
4446
3789
5125
0
4623
8466
3742
3938
1478
2494
4424
8925
6627
4778
9177
681
6423
8321
3742
3491
261
1829
9612
6028
1638
5295
9946
1334
401
5635
5502
2207
907
5875
9510
6876
741
6604
6151
1489
2123
7384
4019
7373
2725
5768
1617
165
7773
6549
4751
2142
3163
2016
4517
5259
7936
597
2422
9942
1540
4818
7084
4147
4381
5256
9220
2142
3475
4719
1714
7245
5256
2100
4393
121
1367
3300
3441
3803
5834
6758
8863
5796
1497
6610
8591
5319
7641
2655
7549
8575
3101
3685
1742
1043
8853
6350
3205
4291
7684
5701
6733
1939
9641
3002
2002
7628
2891
9674
1806
7041
800
8447
1519
5949
2379
39
3232
7945
2786
9208
6610
9446
4236
5061
7614
8175
7113
7236
4852
4582
9507
3005
8687
5725
8754
6357
1029
6772
2999
5300
7987
7761
9098
254
5102
998
625
2801
5067
3425
3875
9931
6935
1193
7509
5999
1373
998
3442
4677
3674
4499
8561
2032
7114
9702
993
3899
3294
48
718
7357
4511
5809
8659
2832
5702
5473
703
6244
6052
9646
2350
9729
4701
3778
272
3391
7863
858
3927
3508
6096
1312
1731
7551
5774
1682
7781
1416
9343
1065
2940
5839
3826
444
9388
1135
2151
2195
4855
7304
479
3669
8732
7348
677
7054
3672
9220
6850
7814
5161
9518
3756
240
1078
8820
4936
7343
7917
5904
8414
6233
6067
6476
1278
7313
7666
1026
1035
4911
597
9434
3619
9384
9943
5610
5165
4689
7699
4148
8331
8889
618
2751
664
8197
8311
3678
3068
5534
6680
52
9202
2928
5426
5575
1703
7907
453
6876
9548
9576
735
81
6940
8182
5321
8763
8833
7892
6489
7081
1954
3947
1516
6284
6548
4342
6689
6081
6869
6509
9286
4249
3868
7404
1012
7068
4607
8841
1210
7837
7485
2202
5309
7129
8254
7311
3276
7736
2739
1496
9780
6928
8126
5992
5009
3217
4143
4612
4088
7742
2916
4472
8232
2788
3258
9159
6304
412
7217
6327
159
7821
6801
6296
7822
6569
1847
3199
6053
3083
1656
9773
130
5992
4123
3081
3633
8297
2548
9094
268
4094
4164
4263
646
1023
98
7806
7729
3049
3026
5460
5439
2813
5009
2067
1217
3862
1913
4078
7088
9281
5533
4625
3605
6001
3924
8177
9782
6603
244
2424
4756
4002
4936
6954
7277
7020
9470
2536
9369
8563
7320
4911
2739
5253
1992
4465
6371
2403
4744
3979
1158
446
1969
7430
9040
2907
7060
1834
8710
3237
9419
4276
7298
1758
1694
893
4931
7480
7737
9730
4960
6121
7201
7616
7545
6717
9095
7697
9096
9533
636
8969
4049
515
8793
1243
7977
1064
1514
4669
7344
9306
769
3981
4546
7840
6547
7524
6206
5379
7321
5969
6012
9028
5707
3781
1248
9704
1218
1147
336
8395
9056
4941
9404
2583
3157
3498
2979
3056
1806
3023
5741
2941
5421
9393
5356
2239
1254
5988
2063
2975
5821
1876
6502
6920
2391
7665
8417
4401
2359
1373
3783
7582
9769
5677
9205
6356
1321
9615
5889
1432
2331
3103
3370
8833
7007
9847
5290
2959
4753
8487
3156
5130
4675
4184
7691
5190
4895
1505
2371
3462
176
6056
3153
9531
1878
5083
1431
3012
6173
7388
6346
5934
1687
3135
9486
9438
2719
2296
6875
5413
4173
5560
3341
2628
4077
4202
3120
7687
7479
437
5739
8605
8321
1290
5033
3740
6109
1367
6777
4795
7131
2928
1146
2416
6503
3994
8477
4179
606
633
3435
9461
2043
91
6494
7486
5240
1905
5628
4008
9
5996
8869
921
1962
2793
5815
792
1320
6334
8986
5546
318
2069
6659
2088
8155
535
881
3014
2035
5185
9779
5303
9818
674
6179
2375
1583
3943
8397
4037
2645
1230
8662
8598
3556
5607
5193
4211
2014
8322
9299
1661
1037
1617
361
9271
7331
5715
6006
1145
6792
8956
9130
7963
5669
4508
9185
9139
1454
8687
1140
1007
9914
7743
7303
3080
4263
7095
3471
2656
1593
4818
5082
4252
6800
5509
4678
6868
6399
1005
1315
1736
9284
901
9644
892
6118
5295
5276
7698
8995
9023
1204
2304
7622
3109
2605
3854
1304
9088
1045
1704
645
317
9768
8912
6963
8094
6268
6306
3156
4340
5013
4981
3032
5343
7455
1841
220
1624
2304
7727
440
5698
5895
4493
9064
9605
9145
6331
8763
2697
6155
4091
33
2922
1016
2178
7681
4346
9007
2483
4574
7353
5861
6715
5437
5544
2632
826
4982
6829
5721
2599
533
9107
1821
6736
1224
7038
1476
7459
8788
8418
3141
6856
1419
1152
8144
3973
3039
728
567
1707
521
7339
4601
2792
3986
5450
2492
5307
4073
389
1454
6709
4742
693
2203
6645
1234
256
7221
1671
3317
4772
4735
7991
6190
878
7346
8211
9458
3909
1231
9089
9493
436
3204
3731
9043
1834
5116
1466
7069
8270
1443
8838
9839
9917
1419
6784
4009
9016
9281
40
9658
1414
8528
5880
2945
3111
9798
7737
2096
5499
3699
114
2813
7350
7509
305
8311
3372
9722
2757
2495
40
2956
6256
7834
2601
1338
6029
5415
7569
8190
1011
7964
8391
2970
7887
2688
2001
3585
9705
9677
2401
6084
2503
2216
1512
2767
8922
9464
2996
9185
654
9129
9987
514
5631
2385
7169
6353
6210
9039
6841
2082
9685
1536
9579
6716
9742
1178
3349
5007
4549
4081
6054
9395
4320
7621
8214
1286
8883
2051
308
9737
526
3902
1220
1753
450
730
5565
4316
5450
9415
9752
3490
1367
7723
4192
9089
1419
6
1362
7780
5708
661
3810
3809
5427
8306
7565
3086
1850
2968
6266
6089
7083
1036
6963
5403
9499
8868
2694
515
182
4000
4493
6298
174
7149
6233
9123
3819
8195
6959
9144
7891
2030
1179
6595
6201
8476
223
4110
9939
9279
762
2254
4251
7094
611
216
3355
7276
7123
6037
6704
2095
4593
3429
553
1124
8170
1748
8200
5414
1857
39
2342
58
193
3109
973
3142
1018
5610
739
6455
8791
9278
3496
9908
3495
6362
4086
5513
3914
5847
7187
8218
5473
1071
9988
6126
5404
6221
9315
6739
7230
4599
9860
6104
4354
3140
4216
3943
2887
9297
1523
1244
9190
8784
8836
8270
5571
8015
6565
7797
6483
8820
3976
3774
5637
5777
5669
3118
577
949
4942
9526
1635
638
2553
3780
9780
2412
3767
4265
840
8778
8380
8978
3471
1498
7433
4392
1152
2859
7990
4815
2613
6843
9395
1708
9124
8884
769
6459
2639
2770
5179
4578
9808
9261
4243
5295
6405
9789
8281
1369
3803
3275
4002
8054
3968
2099
2861
3609
2194
3678
6126
5434
4243
932
5014
1786
995
3112
3193
2199
5054
4470
9655
4935
5014
2378
4181
4004
3553
9685
8386
8309
8557
5631
6815
640
9789
3217
2834
2637
982
8794
9540
9640
6496
4073
4566
9210
26
3184
8081
4498
7423
968
1692
2628
6141
7426
5625
1257
8766
7813
9138
6574
8021
9779
1059
4996
6033
2756
7856
3546
8918
4308
7223
246
2048
5639
8833
8874
3113
8765
1107
5661
3913
570
2855
6389
4015
6999
9392
5548
6288
496
933
6202
8426
2348
9580
7878
1914
1488
4730
6714
4619
8675
6584
6500
4404
5141
223
7581
379
6622
1036
2323
4528
1704
6865
789
9046
6147
3144
5502
3836
1318
4578
3813
6000
1572
6253
2365
5778
7808
8384
4132
1923
6723
7827
7940
9742
1275
3132
345
3609
8144
8745
670
4382
3006
3540
849
465
1581
1137
5042
845
6154
8894
3986
9203
1938
3623
2561
7722
9679
1573
6068
6014
2853
3635
8470
161
7013
2157
8039
1258
5831
9139
8894
8893
7542
5182
5606
3886
6392
8752
8084
5611
8793
5387
8932
9554
2122
4201
6762
7152
7349
6380
7628
4690
627
7735
7637
224
312
7302
4288
3594
4994
6678
2665
6964
9063
2584
575
7097
3390
5624
9142
1895
6168
583
1635
2183
8462
6388
5266
6530
3045
5062
6987
6623
180
2662
687
4955
5203
9933
3510
7492
1637
38
2008
9542
6443
3880
5624
1121
6174
736
3691
6614
1333
8359
4235
9867
4344
9920
749
6647
9246
573
4050
9353
2037
4254
7008
9954
5983
6460
7206
3630
8963
9746
5985
3840
2785
2439
1206
4916
6300
8137
8084
9574
8210
4494
9165
4692
8160
6086
2432
3881
6252
1318
1827
91
8588
6849
5609
9625
9819
8951
4494
3404
6229
4218
4687
4598
6227
3897
6792
6972
3774
9024
6030
8705
2342
9480
8386
4620
4084
3062
4769
8525
3085
5856
9833
4789
5156
2214
1365
8248
7536
4760
9103
4181
2946
728
4719
9534
6551
3475
9980
963
2841
7167
2538
7359
4558
4402
5666
8208
73
7239
9668
5403
1756
3500
9384
6708
1059
1230
2256
8401
3748
3274
3968
240
2974
1244
5160
5709
3047
7999
4933
3394
4574
907
5212
2725
4523
4735
9854
6449
3057
1036
5952
3041
129
1200
5720
4966
4833
6938
1412
7178
4867
9705
3381
8751
4352
4017
2282
4772
1247
8399
1412
7511
4364
567
3277
5054
1194
3441
2778
1234
7985
1856
7930
2765
2450
8029
9952
9780
1153
9291
9095
7183
6040
9533
8691
421
5664
4393
2607
2147
232
921
4171
5666
4602
6357
4399
5235
7216
4725
6798
2285
2526
4342
6578
3127
1891
9953
1508
7514
3750
9220
2201
2816
7481
7173
1400
9662
4758
4200
8230
5487
474
5718
7594
3952
7210
2177
250
2428
2480
8815
2856
742
9592
5583
372
7856
4608
7219
864
6963
1590
7235
1677
7870
7250
6152
4331
2818
1878
9367
3763
9491
5296
2230
8246
3659
9660
2677
3385
2062
4006
8644
7265
4407
1126
3685
208
7822
5286
4695
9719
139
1974
8625
7520
5519
6039
1523
9403
5761
8605
889
2572
3847
3904
8026
528
9392
4165
7188
7613
5684
157
7002
5976
8941
7359
9645
1820
6834
163
5180
4343
9393
6438
9895
7297
7673
2860
811
8193
2895
5704
4984
2307
8968
6503
6235
4765
896
6479
280
5127
3950
816
6628
9065
8398
2421
6718
8818
6164
1304
750
7782
3188
5188
473
4525
2503
3484
5489
9140
3269
9742
5431
4307
7274
8798
4471
9726
3542
7672
5920
1015
7156
2937
2596
130
138
5825
1492
1808
7478
6788
1719
8977
6481
8498
1399
3116
718
5811
923
4149
5383
24
6560
7542
9831
4934
9895
8474
3611
6050
383
9406
5646
2156
8831
5286
1888
6928
4675
2338
9944
4066
9914
8208
1281
1149
1920
2653
9558
8847
2749
5598
1388
9287
2807
2223
8152
6152
8194
5300
1174
6402
3825
541
3308
3696
5143
5449
766
5637
7335
3119
3101
3779
7137
1451
4042
6046
2091
9715
6018
7826
7836
6975
8844
7315
1297
4073
4649
2564
9288
5340
439
3055
531
123
7202
2742
7109
6786
3759
1913
4619
2779
7527
985
1572
8403
3215
4847
2112
5013
4969
1862
7577
6482
9875
2119
6657
6448
7971
6112
7414
1728
9274
6933
5244
7577
4631
5408
7812
6047
2723
9579
613
3776
4182
6087
4201
9782
5843
1446
6329
3310
709
3826
7553
6642
7359
3931
7761
2387
9697
2030
3071
1633
704
4776
4451
1282
6149
7572
3547
4440
8991
6446
1246
8520
8780
1177
6861
5040
5953
263
1271
2986
8292
1025
9963
5210
8724
7483
4863
5057
8953
5518
8907
9494
5745
9936
8191
6488
5625
4992
4136
9434
8392
4965
1194
2358
1140
6765
846
7646
6218
2225
6407
7961
4863
4655
9777
390
9379
1597
2335
69
1963
1680
4877
4262
9950
6117
2016
8740
4857
6350
908
9794
1379
4927
3054
9982
2375
4497
4980
965
201
6851
2880
7228
58
9036
2673
4537
9665
4066
1761
4463
8681
2362
2968
1146
6593
4022
4661
4647
8982
8513
1528
295
3795
8365
4753
7366
7309
8940
7140
7959
4299
5676
6996
7079
6373
9648
9483
4667
985
5206
5905
4034
1231
3599
618
1851
8796
4144
7547
1373
1269
8758
1412
2210
9405
3670
7591
5151
101
3540
4379
5362
1486
704
6305
7466
6103
2341
389
6218
2996
8316
9431
1754
2522
4911
1019
2480
6868
198
4932
3483
1664
989
3826
5246
6045
9585
7586
4832
1551
6271
993
9402
6114
9857
6543
5010
3781
3133
6624
4951
2649
9539
6906
3088
4961
9080
8743
8183
7794
9138
3248
9586
8486
7818
8495
3932
6102
7807
6070
276
7641
6016
7837
8026
3882
4918
5158
5502
3822
5113
2681
7710
1098
798
1459
7355
6992
4526
2192
463
4819
3129
8975
2671
1590
7934
1011
6483
6699
1276
2476
4112
4867
8397
363
8986
9857
2454
4279
2991
3281
4824
5593
1703
507
7283
1424
7162
8376
2522
2205
9446
2624
531
6129
2375
2904
5383
7371
7881
2392
1298
8584
1530
147
4464
5667
1181
7096
4358
8309
5103
6944
2208
8545
5421
8377
4945
6330
3444
2566
9599
5524
4360
4790
8129
4597
1359
2457
2359
8754
4812
5241
5420
5782
5302
5124
8607
9393
3345
2887
7649
1235
7815
3887
7072
8755
2481
6168
5368
1347
1166
4448
8271
1673
4600
921
3200
8687
8806
4805
3142
1712
6897
4014
9871
440
6207
5921
142
3669
9544
8788
9967
6661
8069
8117
7696
4184
872
1559
521
9375
4770
7314
82
3668
345
9166
2496
5548
616
9996
9518
8337
9437
9433
4117
2805
1048
1908
5750
4374
466
4694
6596
6962
3030
8385
5899
4923
4016
3586
3095
6428
9959
551
7861
827
9377
3393
8193
3969
3555
6973
1108
3740
1141
3572
6277
5583
1057
1683
9014
8457
2452
3031
7925
2398
9457
9834
3825
3044
661
5704
8664
4635
4962
4893
241
1936
1290
7809
5798
2290
7379
3841
2709
1306
1128
2858
2129
7416
523
7293
556
4290
867
8232
9387
7201
1414
3318
8836
7477
6638
9529
6937
5925
8447
3069
8458
3771
3260
6830
5863
3907
7114
6621
2809
3619
5116
3656
8650
7693
7828
8041
6762
2893
2255
6509
6405
370
734
9880
4472
4354
899
3667
9200
1958
9162
1564
6559
6528
6825
6166
5091
2513
2732
2268
1622
7325
3487
7817
355
8290
961
4659
7051
889
3890
5641
2333
1276
2960
6761
7759
1287
4463
8657
1378
14
9163
8727
521
2822
3488
5692
8898
9179
2149
5667
8263
5952
6717
5604
2484
5144
9583
3424
9892
9660
4824
7065
3128
2643
8899
2382
5676
7740
6336
9907
7183
5467
7721
6894
1494
444
5511
4531
2820
5988
8927
2477
2961
6628
4377
6379
248
7099
1000
4456
9365
8546
3721
7341
1036
4198
5411
2142
4616
9952
9911
8058
1688
9778
5559
730
6938
9461
9394
8048
139
2213
9711
5720
9092
9061
7643
4474
8948
6810
871
5573
4809
6089
2262
6943
9601
8959
9419
4683
8275
2094
7846
8065
8138
6438
3780
5784
9775
2938
4675
4456
6209
3398
638
5800
4523
4545
4343
5592
174
2240
3125
5524
4583
5519
3775
6329
4934
2431
9591
1201
597
7917
3314
1656
5590
1615
7703
2768
233
3966
5684
8773
5072
495
3676
8733
5138
1058
9520
1097
9465
1652
1779
4220
5193
2491
6089
6166
8165
738
1162
445
5617
5951
3925
8480
4146
4132
3395
9648
7245
937
4178
7624
9642
618
5439
6458
9395
350
608
8319
2567
4554
4325
203
6835
436
363
3684
3177
6286
8368
630
9430
7909
3405
3124
4721
33
9472
4907
7390
6894
8740
7934
7240
1011
6509
9883
5949
6620
3705
1083
5206
2859
5679
6765
927
9801
6149
4694
6000
3165
5943
4339
9697
9728
9815
7152
5415
7898
2241
7800
8126
7294
999
4810
7570
3565
6030
4529
5714
6849
4293
9691
970
9069
2199
4722
7570
753
9371
2078
294
1138
9783
7263
2510
1832
2308
3301
5595
2745
6602
5501
7394
1993
5685
7802
1181
7737
1032
8320
9544
6589
9108
8365
126
6584
1087
2750
2190
6287
237
7491
7542
7245
4454
3542
5763
8288
9420
7271
7410
4802
6132
9948
152
9953
4113
5072
1577
5901
8922
64
9080
5798
360
3514
7763
1505
3758
8224
4084
7921
6924
3520
3030
9210
1333
3488
4050
2993
8090
513
6694
163
3520
2207
4741
2631
2031
1062
1347
4589
8073
7357
9869
5239
9533
1132
38
503
9869
2083
4400
5869
1765
4426
5820
6761
1901
6016
756
9049
3229
3504
1060
4340
7776
68
2793
5753
8063
3597
3004
6523
807
7224
2470
7541
1121
4164
6892
1903
3948
453
4312
6797
7366
4606
6828
3708
6270
6402
8090
6777
416
9139
6688
6526
8707
9305
1889
6857
7382
7894
268
134
7281
9345
96
4880
8478
2338
6003
9449
732
270
8418
4362
5191
8880
5373
3975
865
7586
4170
3741
1319
8499
8395
6320
7455
4529
4060
836
582
5362
9671
8609
9723
988
1578
7977
9574
7013
6158
4347
9761
780
6195
6724
8380
7552
972
8015
5555
8989
4593
7577
3279
2590
3405
8385
5592
3385
5841
5655
1136
2484
8598
2493
6427
1766
3393
4259
2424
5612
7053
3953
3819
2328
1647
8150
3145
3351
5935
31
9575
3518
7494
4290
4058
1183
4733
3560
9507
1083
344
7117
566
5169
6321
5147
6244
4253
3933
9960
6966
2894
4061
666
1719
3237
6558
7810
8944
5576
3454
6635
6653
9633
5227
7741
8762
7579
2199
1470
9562
9907
7106
9961
4142
6187
1057
9076
6748
9311
4456
5890
8462
2095
3317
3447
7346
3545
6812
3854
3249
548
1667
2441
4406
4761
3241
6221
179
8486
7760
9320
103
2813
4293
7046
7115
6216
781
8703
8780
9245
4230
1258
6773
8920
7198
3227
1672
379
10
6252
5188
8727
9680
5108
4018
7733
9722
2823
1684
5340
8427
1632
1326
3116
8561
531
2369
1502
726
5279
9829
185
5782
3346
3455
6497
9578
7065
9842
2255
5229
1328
3771
3550
5692
6661
2521
3427
6513
8434
7583
8002
8069
7132
3785
8832
7804
9052
1976
9692
4640
8385
619
4582
4469
5799
7383
3904
1310
7632
5095
9062
9691
732
6163
6380
8356
5407
5071
4012
9962
8456
5118
2172
8485
8872
2180
2349
4912
8159
6090
5853
9414
4363
5900
9217
1748
2001
2306
3384
894
242
1271
3019
803
6328
1375
3538
6667
3135
2093
299
8277
4914
4980
385
7316
8299
289
2131
6129
7531
5860
3964
3510
829
4891
6058
7552
148
3908
842
4702
9368
807
6237
2710
4817
1621
7155
7774
95
3137
7715
3382
4847
6426
535
7796
6662
1592
6279
9331
2863
4883
6917
242
1143
2348
6735
6907
5809
2451
5534
8758
6801
5591
5152
2785
9441
6830
9257
543
3309
9257
2878
9777
1049
2410
740
1179
2932
2690
4854
8996
5909
3670
3339
3848
1686
1052
9514
4157
8676
23
7356
1926
5368
4863
2578
1377
901
7791
7424
8942
3984
3608
1382
1309
612
4979
4954
2541
6435
1876
1067
3584
320
6684
7204
4582
9499
2067
824
9475
6661
304
2593
7840
2878
8738
5961
6621
5691
2169
7757
9241
2666
513
3002
9330
7351
9701
9914
5091
306
152
4925
5545
9223
8555
3851
1291
8124
2837
8327
8323
7207
8130
3132
9948
474
6292
578
5039
268
6816
8185
3878
3300
6893
2750
5324
7894
3140
3491
539
9154
7525
4108
6072
6458
9995
8431
5388
1324
5724
1131
4455
7697
5562
3182
7571
3257
1508
2309
6398
5226
2302
7547
6312
3336
5069
632
5342
3908
8311
194
3367
7178
6941
7487
8632
273
8275
2135
3825
9160
9302
24
830
8858
5778
683
6335
2180
5573
6213
1266
6771
198
7268
5522
9186
6122
5945
49
8053
980
5921
2824
2826
5984
842
3153
7938
4213
9263
6787
636
3814
9637
3677
1634
2361
9593
7923
8697
7226
7790
4261
6791
2283
7749
678
3195
4587
8651
8020
6275
3302
5914
6863
6589
3421
6960
645
2318
8187
111
1585
2142
510
7058
116
1432
3791
6564
7983
1872
7193
7599
3993
4969
6232
2764
3945
1751
5422
5824
8748
1258
3753
4325
6839
4593
6481
2776
6635
9733
3223
7698
8201
5252
4126
7471
2950
4693
5768
3318
5472
5252
3249
6658
1553
4798
1379
2493
2775
4150
6157
837
376
4312
5726
5190
7084
5775
8098
2401
9240
4608
161
5893
4300
4555
2006
3051
4808
6702
6014
9022
2530
4655
3981
7229
3245
8116
6374
233
9353
5162
7586
4747
4615
2135
9931
3310
7206
9822
5000
2627
1623
9196
4801
21
9490
5178
8934
9451
4273
7351
102
3923
7174
8248
3723
7727
9637
4744
3823
5975
1366
6158
8151
2701
9556
6114
8422
7041
4812
2033
9091
4885
3057
309
3973
7441
965
9937
5272
6613
7312
2388
9196
1653
5721
4182
3347
745
5402
581
9165
2652
6759
6419
8072
3616
2235
7285
7675
2801
7617
3452
4928
3316
1072
1434
1106
3821
9535
8093
2976
5263
7229
4114
1707
4870
4114
4964
6221
4311
2156
4139
7676
1086
3451
3750
5250
4023
9830
7684
1115
5332
1349
986
6
7552
902
1076
5877
3351
8616
9421
3083
3253
3198
5144
7446
3988
6324
7978
3137
1594
8315
1328
2517
9994
904
2461
7593
425
97
7011
5935
8827
70
980
3028
7380
6186
3817
7639
6201
1508
1038
4093
6346
7542
4351
9714
2251
5251
2755
2966
4426
1398
3741
4288
2972
5318
8820
1312
3535
2589
4924
8588
8741
8594
1976
2430
3287
7123
6693
4684
3540
1498
5383
9176
5727
3858
9867
3231
1796
4869
4416
9814
7
1749
2873
6686
9773
3262
2859
6261
9429
2676
7807
9842
8162
2629
3969
2189
6165
9600
4327
1698
9038
7175
5232
8912
3712
7456
4247
219
9993
4415
7413
9521
1997
6946
2282
1721
6380
6439
6373
3809
8136
4999
3959
291
1976
9081
5007
739
6075
7105
608
8849
2897
8138
7554
2830
5336
8948
7886
1443
5525
1775
4127
7910
9728
161
9424
3499
7868
9312
7475
2224
7552
7179
1312
3086
5011
3672
1155
7118
791
3188
3383
1799
6872
4598
4370
4705
6879
4868
5165
6926
2023
8014
1724
1337
1566
5620
7198
8004
2906
8432
7678
6065
9704
6731
4016
6744
6687
4779
2330
7446
7197
7087
4234
9870
538
3643
5658
6112
8573
8594
2612
9631
4936
2285
4917
8743
7831
5830
8463
9078
1426
2781
4258
7642
2910
7794
3637
8816
1365
9589
920
7812
2846
1659
8092
4061
9827
2256
6186
3805
4310
3504
2223
3318
9446
6752
4652
6026
5398
5182
3711
1030
4745
6845
1717
8516
2417
3714
1562
2507
5845
681
197
2254
2985
3900
3677
6175
795
1271
7901
8496
4333
4733
8002
7808
1581
2649
8032
7249
8570
2839
7609
9850
7239
9096
7498
5943
7020
251
6655
645
4369
730
5029
1833
8296
4403
5496
8528
6692
4373
8187
3470
3055
4186
3348
794
6665
5578
7327
4434
6613
3756
3256
558
4867
9658
8538
9933
8116
9744
6297
5235
1414
524
5527
7635
2715
4174
6338
3551
510
2561
2962
4167
7994
6830
7110
43
3668
8326
3440
2260
2966
7588
5294
8046
1427
593
6703
9660
6104
8376
861
9408
7903
7740
1644
5218
4599
3048
7637
9964
76
9853
2653
3486
5447
1531
3640
5074
6962
1291
757
3170
5801
551
532
3976
9712
5053
3211
5372
6815
7510
9886
9477
8216
1542
5656
9463
9259
7947
5562
9542
5679
5574
2079
4931
4927
4159
7383
7012
5958
6201
7157
87
9986
9606
3863
4919
9372
7291
5992
9423
1443
2825
7830
8968
7565
9202
3269
8838
3883
2567
5175
1570
7939
4335
3028
6136
589
9903
7958
6283
1683
2534
4070
5294
4627
6261
9137
5840
5509
2766
2298
7490
2639
8283
4326
445
5692
2844
816
8527
2776
7009
9122
8618
1258
4434
4079
2164
4945
398
9534
1248
9776
2764
1890
8027
7172
8802
2460
1755
3426
8457
4610
5941
8713
9703
1950
6226
8691
3282
3116
7516
1532
1074
9936
8037
5537
7705
6167
4352
6685
4197
6493
6472
3571
7173
4112
5277
1788
4357
3469
5764
8244
7030
5512
8177
8460
2762
1382
680
7478
8508
260
7613
82
8412
4637
6674
4326
3019
6923
7983
7444
2056
3598
146
289
3056
8495
2100
1253
855
8833
5147
9486
4582
8706
2593
9191
3832
6554
9901
9962
4934
8600
682
5262
7583
1729
7781
1674
7320
1959
6652
1545
7573
7730
3300
7299
8781
9541
6837
2662
5402
2884
6994
5453
4944
1282
5480
7407
6312
8648
8035
5414
4002
9854
7115
3017
1852
8547
9301
5891
4352
8888
307
9992
3807
3051
5760
3638
1876
5981
3823
7879
4363
9327
3798
8465
9911
4087
6407
3971
8773
7866
2529
2227
5543
3307
1231
8276
1463
4334
5103
690
4465
5739
4959
2396
9027
6060
8969
367
1713
3743
8350
7770
7467
3021
51
6983
7484
6147
4999
9105
8891
5725
4587
4981
4155
1203
1178
2955
7870
1178
1584
7541
3172
5817
2463
7595
8197
5800
1528
8029
3913
8878
4763
746
6409
265
1871
951
4504
4329
4617
8783
6277
9611
8098
6916
7465
9265
2232
2532
1652
406
1043
9107
9536
7663
3876
455
5931
3233
942
5949
3690
4171
1484
2718
427
3329
2102
8140
6056
9472
8007
942
9650
6867
2877
517
3266
343
864
8386
7546
5407
2387
4129
6916
7317
9376
330
4849
9652
8852
5745
3434
1275
6845
93
1116
3324
9165
6243
3797
2881
6974
6548
1545
7255
55
1755
2273
9780
231
756
1234
7011
1348
7176
4805
8196
4139
9031
3500
2039
9568
2050
1180
7059
1147
4220
5432
2074
3551
2180
2189
3464
3277
6828
8689
2962
9796
3930
9815
9920
9535
2325
6139
6707
2143
2557
3253
2924
1510
2666
544
3963
9092
6921
6873
1982
8461
4552
749
6766
8206
1913
5456
2180
4457
2981
7905
9953
1939
1236
8614
6775
6985
3228
7854
2154
2958
3340
1185
975
4348
108
7159
2608
6735
9193
2090
7484
3773
1509
2027
2593
483
2762
1447
7651
6239
1040
3267
3349
1958
6223
7959
5661
6626
3314
711
8858
3704
600
5808
7918
4764
9207
212
5463
2911
1550
7327
5447
702
9647
9294
3495
3261
3417
4156
3985
2104
9675
3355
4484
8329
9524
3729
6081
1580
9286
3047
8977
4426
7683
1850
905
4777
5537
2039
7442
2389
7375
1818
3113
942
6362
8416
7113
3505
1882
7253
4795
2064
3767
4646
507
2807
2807
8782
3560
2733
1493
3567
8655
8022
7921
6205
1254
4823
1878
9475
2822
4300
8818
2738
5677
3015
2566
6075
1473
5185
5053
1937
8592
3753
1600
5730
299
1067
1132
1059
5707
2480
6703
3763
2006
1851
5449
9206
8270
9057
7892
452
1960
3619
4018
6545
7465
1107
526
3692
8769
2720
5805
57
4560
6375
155
3241
4490
9244
9200
5370
3191
7611
5931
5012
7045
6897
4248
7651
4443
5917
4934
300
5846
5664
1364
125
6234
2101
713
2964
2460
9356
7739
8793
5026
9354
1642
2512
2802
5851
4442
703
5620
5641
4645
2336
374
3631
4671
3075
9050
5886
5027
5034
862
4695
3685
694
3540
2218
9830
3330
6634
743
9500
531
1883
7977
5919
570
3850
3692
5303
7804
1326
3413
8583
9410
6909
6241
8969
1678
7246
9203
7754
261
1843
4207
4605
2173
9526
1138
357
3643
4120
1688
2745
2990
8156
2623
6015
958
1831
2334
5141
3382
9769
5786
6555
5098
3058
5903
2317
6800
840
6956
7630
427
4978
6279
8395
8535
3049
6339
8393
5398
5370
7773
5684
1271
4489
9269
2152
4669
3032
6162
5138
4780
3091
1998
3917
7628
1012
5779
6164
7417
2826
2634
7001
1424
3370
4320
6904
5225
7411
7813
9596
25
1823
4393
8567
3642
6674
7914
2616
1420
454
3717
5985
8364
1875
4653
9942
7795
736
4638
9692
6208
1061
8631
8559
6515
358
9559
9824
4102
3658
2003
8964
965
2819
534
3489
5081
8097
8938
4825
3062
8765
5232
48
3293
4749
4076
99
7131
7783
8844
8568
1075
3872
1582
1818
2943
9539
6739
4361
7781
8067
5835
7072
2365
7490
3209
8637
1372
1812
5059
5014
4559
8199
1871
1541
7361
9504
5340
9958
9843
7260
5103
8055
5957
1003
3378
4007
6530
1965
7914
4610
7349
4887
5491
8308
3108
8670
4194
4164
386
5162
834
8464
6247
1129
138
4521
781
1021
1353
7474
5369
1712
9443
5688
238
7486
9920
7839
3020
1656
9681
8275
2055
8758
5511
7684
1605
2042
7250
6800
8353
8602
9699
6510
2123
9682
1089
4716
5412
8189
4616
9178
7614
956
1933
1903
9352
6197
3404
1843
3503
8751
1614
3980
9502
946
7480
2431
4490
2434
6551
7666
6571
3354
9857
6757
1594
8870
9739
1918
2887
417
3792
6296
6110
21
7178
8630
5916
4811
5566
38
6136
6317
5148
2071
6082
2628
7475
5584
3267
2845
9518
7310
6840
20
3145
5053
9170
788
28
8039
4209
2059
2240
6205
6368
4108
8364
9060
6470
6495
7131
9235
2779
733
3249
3991
4854
5850
4375
4048
9256
2546
3096
1768
5259
5638
8982
5834
2241
7584
5550
309
6032
126
6637
2526
9501
5822
2741
1676
3871
2211
8341
8588
6735
268
6143
531
7568
3835
9570
9273
5385
6392
1128
8771
1776
5235
5524
2717
956
1590
3549
8964
7181
511
4776
6293
5973
9655
4320
3162
8107
6196
442
3627
9126
1577
4715
1569
101
928
9335
1573
5631
9043
5770
7524
1375
1438
8987
2784
9381
2567
739
9749
3933
7331
254
3962
6150
6210
1265
5455
6074
4831
1704
9723
2338
4250
5319
3884
7286
1289
9450
3569
1738
959
9981
3947
6660
1072
3102
8017
8675
7215
3554
8292
8347
7362
9965
7993
2955
50
8197
5534
8810
1227
7967
4745
5140
4119
5268
7969
8032
7030
1629
9924
1977
4721
1154
947
8956
6192
4216
2093
8532
9440
3995
5398
7892
7530
8055
4878
5119
4668
6804
1977
4236
1804
9518
7015
1357
7932
2723
447
1473
7441
9934
7404
6504
4811
8678
598
6969
6966
6293
9396
392
1453
4139
2321
2993
9695
5179
4730
5293
3378
6158
7682
9030
5342
2803
114
3710
4659
6960
9649
215
8587
711
5951
9674
8850
694
8376
4642
1857
466
2643
7330
7523
7598
1966
8418
5459
6253
9806
6183
4808
8545
6585
7108
9580
1147
1803
4750
5197
7804
738
7358
7360
705
1055
6325
3051
2164
4137
2212
7038
9390
9885
1332
4500
1956
2740
9541
6839
881
7606
3194
1830
2157
4607
7804
7669
4497
6012
6608
5870
5811
3428
1872
4316
7622
6108
6625
8049
2399
1135
4952
6981
398
9538
5278
6478
7692
6924
6357
7975
3023
7436
1513
1417
1805
8646
1247
3673
7694
9389
8288
936
8046
2159
7200
6321
555
5622
9751
7810
45
1929
4975
4132
1432
5389
6584
4237
3562
3601
1330
160
9510
6587
6146
1893
590
8892
1057
4023
673
1650
6312
3950
5522
8685
3538
3089
4948
8689
1988
7050
9873
230
8769
5344
1680
5516
2681
5321
203
4792
1518
501
6538
3746
4800
8582
6297
1767
6754
1839
445
7893
26
7306
9678
2246
7101
6445
264
9598
1758
6027
8923
8813
2751
366
132
9081
580
8487
307
3226
3601
6522
5596
8000
2850
8603
1732
3788
6873
5256
8550
7574
4938
494
6879
6437
627
2281
627
4513
5136
2290
3516
7359
9189
6696
1369
5802
1425
7414
1223
1242
3646
2362
4420
8047
425
3067
5919
3050
2497
2566
5204
1339
8238
7779
1066
7954
6905
2844
3668
6120
7911
8700
5975
837
8636
5842
8332
6008
1236
1917
6142
2096
985
5673
7707
6397
8265
7210
8192
1861
7387
3517
4658
2611
6110
2659
4745
3694
5999
7864
7091
5767
2652
4025
9717
8322
3577
4393
4000
2017
5657
8978
5709
1508
1921
479
3458
228
866
3136
5156
2241
7727
7128
8795
786
7626
1008
1737
829
4575
2218
8378
1558
2526
9
3076
1776
9172
2134
6265
478
3987
5733
7640
4506
124
4141
1024
1641
5520
5091
5692
3269
9777
6231
4739
3188
7945
6516
855
5415
8916
448
8270
2518
6197
2539
5981
9150
1155
1452
1529
1050
700
3678
5089
6670
7831
7986
5943
9296
3138
780
2689
3758
6505
3683
6834
7153
7946
5952
4108
5224
7546
8604
2485
2244
2942
1686
1238
7454
9432
3459
6834
1951
7559
3941
9374
3020
3984
7278
1540
2354
7399
5166
837
6369
4529
2502
9274
8717
5976
4959
3978
8464
8510
7145
6585
2283
4175
5791
4691
6530
3013
4427
3208
3732
71
7688
8509
6192
4117
5612
8567
8635
6749
7076
1247
2231
7255
7459
2668
3033
2986
8755
2299
5723
4170
4300
4109
4968
3234
2873
3384
7648
3230
3392
2365
7755
4077
2067
8903
6182
7568
1003
3915
6472
9883
1727
2679
9038
6624
1103
999
8411
7870
5849
3043
7597
8840
3415
2624
6923
7074
6142
9374
4799
911
4734
2950
1893
9783
4291
3513
596
8305
1166
5035
1362
7176
3367
1835
9329
6136
3568
3882
7412
1579
113
1888
1723
5204
3333
8656
4885
7537
4318
5107
1553
1675
852
3039
6037
3815
3682
6007
6755
2996
707
4722
2499
4992
5496
1226
1585
674
4594
6334
3413
4262
9732
1353
3715
7795
9591
4377
7196
4072
1531
1555
2377
1698
8467
985
2877
3433
4440
4890
1280
8139
3352
9521
2007
811
1026
169
1050
6176
4729
8214
8001
8149
4670
4739
326
3678
8578
537
2007
4285
6786
2594
7479
1911
60
8630
2617
9097
5887
7715
6649
1310
2699
2041
6599
6896
8179
480
6680
2215
9573
1126
1006
1256
9720
3292
1231
7557
2307
9135
260
9834
429
8013
1348
1799
4620
8036
5656
9833
1532
4304
7923
8733
9134
6161
2619
6338
8916
7884
5895
4292
1397
6861
9005
457
8881
8759
5673
3635
9569
8990
5438
1502
7176
1455
6236
1193
1016
6947
154
3929
8436
4015
6319
5586
4134
4043
6633
2517
9588
5449
6582
4733
2695
8171
4729
6592
5838
1164
1998
179
8396
261
5503
3247
891
3356
7305
4083
7275
8902
7461
3447
7201
8116
6307
4773
3335
5484
761
740
5887
9180
3111
4463
9035
476
1091
5398
7376
2205
3888
7756
9002
5973
1190
1026
6619
8681
2117
5782
3397
4588
65
6346
7277
972
330
4429
3508
7656
8058
4302
2573
4459
8124
6125
7269
8639
4689
5673
7719
6521
9664
456
7102
1735
3365
3894
8521
463
6619
8752
4127
6266
4040
2167
6361
4707
741
7509
9012
5616
1667
6366
8713
8339
3776
2337
4991
4862
1945
6549
6002
946
5570
5876
9559
1763
351
5999
7062
6512
7824
8061
2747
8185
2975
6997
8967
9820
6799
3478
285
9478
1195
2026
5130
8195
1824
5757
1663
1139
2030
2115
14
2887
0
5934
7673
2669
6843
7742
853
9007
8930
5498
4742
6123
6300
9281
7438
8361
2836
8913
3345
4073
6366
4748
2539
6331
7797
4525
1155
5928
2329
250
1055
159
9236
1511
3075
356
1932
9243
4174
3436
693
7888
3181
9896
9293
4080
4602
290
1306
9970
2090
4048
9534
4503
8321
6972
3428
9771
8935
7138
3806
2213
7752
5008
8363
1378
3374
1410
856
8194
8410
5981
7641
2618
2925
8289
6297
8766
9596
3533
8195
6214
3285
7542
5252
5883
2300
3591
3221
9720
1174
2242
3289
6091
389
214
2030
1263
5553
4096
2009
3164
8696
2252
9469
2854
8328
4815
6957
8333
7514
2636
6610
2547
9945
2533
8168
427
118
6367
9323
9057
2604
5418
1820
3659
1366
2805
3592
9534
1275
7272
6427
2506
6017
1567
67
9045
9542
1748
8519
1638
323
3602
7758
5274
5898
5304
2350
7648
5814
9153
4651
2912
3962
7944
7451
5446
429
7889
7645
263
4471
1411
5824
7440
334
7507
5309
2289
4846
1503
11
1170
7121
7260
6865
321
6727
2594
2653
8869
5497
2462
3760
9070
5049
6146
996
397
7822
9415
8810
7668
6174
8849
8691
9392
4948
285
4261
4825
6295
6014
5439
1607
1523
3411
6507
4243
2872
4693
2676
4199
3242
830
9059
8317
5486
7142
3256
3465
7811
835
5155
9828
7423
7452
681
3010
7517
850
3469
8017
9365
6868
8040
9326
7192
7103
6419
3072
5681
2219
669
1554
8409
1856
8105
6868
4812
1935
1522
2983
8706
8176
1702
4185
4063
5471
2541
3580
9263
6419
3282
7755
739
3428
3069
403
7209
752
3402
7739
4918
2264
9904
6566
3702
5208
9441
8349
8251
2208
6948
4258
1866
2624
2366
5013
5504
80
819
2365
4065
3433
3276
1335
4118
4937
9142
320
6104
3805
9455
2005
6087
7477
6766
2270
3047
1717
8696
8831
3439
6661
1104
9237
4860
392
8923
893
6938
6106
8107
5527
5861
2320
4023
6287
9461
8408
6350
8709
9375
2613
3796
2749
7328
1098
4749
6176
9657
6079
5002
7492
5097
5339
6404
4608
2792
7709
9627
171
9268
1933
5207
8737
5049
9600
8632
4587
1386
4970
2437
4734
6295
9594
6101
3040
3739
7365
7995
6606
3991
3390
32
5515
7862
9262
4664
4548
9605
9449
2864
5045
7701
1887
3019
3708
3371
8383
500
6345
1722
705
5010
3238
9449
311
3886
6430
2349
3101
532
7229
7976
6001
9952
150
2307
4087
1588
3747
8748
3021
6522
149
1160
241
5046
8857
891
7700
4890
659
355
6817
7319
136
3304
8041
4181
2957
7104
6114
8140
1087
7995
7779
6308
7627
3781
2190
9312
5672
4855
7169
1099
6930
5679
3414
3489
7054
5219
1154
9376
8555
6836
4625
8131
7824
9382
6113
8521
1945
333
9524
2294
8121
1118
6603
1504
8279
9064
6721
4489
8000
7218
930
1903
532
3262
1094
132
7380
448
9941
4678
7840
9408
1237
1903
7186
6889
656
5374
3456
2170
8623
4510
9487
1346
3909
2255
8561
7728
8626
4550
9780
6533
4365
1157
5618
2701
8516
4064
1651
9493
208
1702
7123
9497
6678
7958
5261
8414
7249
2395
5970
6519
2747
6076
7973
4675
3363
8511
1739
9654
645
154
163
2509
4943
3730
4936
5348
172
7445
3179
4479
9044
8588
7759
4049
907
6350
1827
3014
977
9646
8730
9476
3816
6085
3833
5355
4845
5742
8165
6304
7947
1511
4928
7027
5129
8446
1126
2067
6229
4472
5827
9092
5121
4734
1409
7016
338
3058
6954
6483
7671
2163
9164
7282
9051
7982
8536
8612
2453
8178
7239
4860
2174
4345
4989
8029
2183
9942
5429
6082
9029
3505
1482
2858
4108
5520
4978
9552
8325
6293
5370
4700
9048
5079
1587
7057
7979
4005
4612
6435
4782
6140
7876
2279
6789
5883
4560
7139
7130
5236
9949
2926
6278
9243
5216
3147
6562
5154
9390
5684
1142
1084
3086
1349
384
6548
3399
9151
8988
2731
608
390
2875
9196
3540
8546
488
3370
8694
6445
2838
9013
6418
2491
2894
6040
174
448
1425
3926
9195
1525
1567
6622
8889
4082
4676
9524
9295
2491
7085
1990
9956
7613
7781
1500
795
9582
7362
6506
2099
7330
1173
9929
3572
1404
6339
2784
640
2856
170
9401
9487
8863
8919
5172
460
5759
1730
5414
1768
6747
6205
7823
9874
7299
6116
5950
1742
9748
8752
7297
3179
6007
3716
5604
6947
8640
9018
2372
1103
6082
2135
2806
6537
1009
2798
2768
1917
9198
1496
8651
3398
9118
67
1272
8310
4203
6830
9292
3141
7428
1889
7989
5334
6258
3861
4204
5003
1213
6040
4059
3365
9922
3952
9849
6878
9547
6144
8602
912
7276
5424
5359
8993
9469
4353
9697
4348
4635
6281
3587
878
9133
6838
3006
9284
4948
1754
3426
124
6586
9366
2351
3115
613
5028
946
483
6202
2385
8031
385
1645
8277
2507
1110
3401
9265
8130
8759
5442
3648
8317
3494
2664
6858
1310
8371
7649
5112
7435
8822
2396
6442
3546
6483
4049
5890
3096
2041
4032
9226
130
5839
7990
264
2034
3315
5743
373
2295
2317
6003
2614
8760
3504
5406
1109
897
7364
6941
5803
3328
1195
7619
7200
1249
6601
2297
2115
6556
5799
4327
4685
4466
349
1560
4323
545
5302
3634
5382
7119
2811
1008
322
5238
7740
4591
1328
3316
2095
5964
7797
5071
5904
458
8180
7960
4349
1957
1561
5161
5842
8813
1587
3841
1201
8008
701
2594
1231
4983
2086
7907
2010
108
5760
8967
4286
2632
1267
7372
1258
6800
5007
5230
4829
3352
985
4115
4479
4398
1077
7593
7339
3062
465
228
5111
3110
1531
7341
2655
9477
6358
4181
4275
6007
467
8967
6481
9610
738
1185
2766
3882
9178
4354
3168
2312
3066
4254
6655
678
9349
4636
5341
5521
6454
3388
5282
9279
1508
2909
1104
6462
76
1884
1890
4684
6514
6646
8809
237
9978
3997
9752
8383
1769
7022
2631
9339
2112
2620
4462
9352
6427
5360
5
8663
9723
8460
5154
94
5953
5330
8875
9619
6546
8252
8014
7543
3842
1950
3297
3465
3838
2122
1153
6650
6915
3274
1641
5798
7621
6551
8839
5697
5211
3765
1742
9861
4048
8758
8066
3796
5726
8421
2291
8034
2301
2218
2851
4283
4782
981
1411
7408
6923
47
4095
8044
8511
6096
4895
7657
1414
5284
9563
8111
2576
832
8389
4608
6334
5681
4172
1993
7830
3480
5769
7503
7379
8838
8033
6179
8058
8739
6299
4236
134
5369
5935
3481
7585
3084
2358
8133
6843
1863
3405
7073
2821
8396
6922
4039
6561
9009
2561
6138
6477
1860
2916
4894
8658
1757
6857
1644
7754
5706
7524
7820
7649
1807
3007
1114
6979
7266
5431
6647
4368
2184
4319
8912
169
8956
6642
6213
533
8018
7433
9755
7849
2453
9888
6210
4259
6580
4494
705
4202
8545
8515
1646
3825
6186
9938
4870
5723
4173
2059
3230
3394
1185
5390
841
6526
7770
4237
1156
1306
6428
617
1039
4036
5816
3522
6700
9362
2340
9922
3664
8299
6321
1161
884
6585
9756
9057
7701
7226
8772
5594
6055
5197
1386
9254
1769
7557
6279
8593
9912
5403
1734
1199
1250
2097
6668
5314
7741
3167
1089
7243
111
6880
7180
5262
7855
5277
7228
5237
8175
5367
4784
5533
1532
2352
6879
1886
973
5709
6466
4986
1969
1256
5626
9942
7876
1129
596
8618
9914
8302
7527
412
4052
9164
6859
5644
3913
108
8352
5527
4198
8024
7837
3323
6265
8220
3581
2223
7681
5472
6230
1679
1412
3812
1080
247
8373
7885
3760
6001
6504
5656
4946
8061
6311
7695
1677
6488
8465
7081
8801
3732
3428
1820
7411
1314
4171
2329
923
4439
2120
6348
6387
1476
3722
3759
5643
5078
2662
7962
6811
4088
8904
9294
4680
4310
3907
6451
8891
4832
4547
5398
8532
8792
9104
2164
5145
4034
4728
8356
2656
9094
3429
2984
4173
8815
3140
2482
6898
378
6072
3532
8943
1177
4187
5240
9445
4658
8646
2293
6351
7659
5340
4419
5982
9783
6873
5667
9281
2057
4452
8115
7084
3707
3639
5049
7818
4436
9797
4681
7534
2999
4829
6990
1278
2659
5122
3243
5623
7029
9200
8044
2403
1007
8541
8525
3453
2652
7478
5187
8453
6299
9158
6912
1006
2277
3399
2145
5777
4228
8788
1135
1846
2380
5314
4113
5876
9415
4193
539
1133
4140
9615
3714
2465
246
4244
9075
9005
5436
6896
3565
6126
5777
267
9179
9647
1107
3971
5792
6493
7874
5032
4665
8931
7702
904
4118
1734
9486
9521
2282
3624
8268
470
3515
7733
48
7487
9576
3207
3857
6085
7171
7820
3409
9495
9939
7439
836
3003
2341
9566
3437
8584
8058
2645
8526
2186
481
2356
9808
9261
6773
5639
4949
5202
9818
3717
1766
8276
9679
7073
1547
1267
8355
1461
9390
6514
7463
9948
5777
2073
3664
820
4875
6137
9395
2875
8235
5579
475
9820
9417
4506
9985
4969
7215
3299
8673
9970
1552
6720
6660
522
9224
5759
3795
6601
9240
6756
6440
9488
3253
2477
886
5032
6726
5083
6965
9260
7061
5823
5202
4314
5722
8658
8260
1379
9820
1258
8253
6478
8682
1485
700
4149
6806
2316
8908
1279
5238
3609
9181
6804
2662
7115
8609
9277
4068
2975
8537
2796
4957
6919
117
6950
7671
5263
1073
1338
5766
9013
2499
1661
5310
9670
201
1512
3210
77
2351
4051
6055
5597
1527
9129
4931
7804
5468
9650
2505
4290
2637
455
1514
7065
5967
7887
2478
9103
9037
7244
1027
5195
6308
1785
1101
5714
5924
6801
6829
1110
5054
7228
9418
5359
9702
9529
48
6947
7113
5772
8648
723
2621
3484
4280
4113
1813
9791
9776
6278
9062
7749
2891
27
9421
7032
673
3543
8982
5407
4645
2908
7716
2985
2274
357
1506
8591
5861
800
3818
1776
2368
9165
8169
2066
7436
5210
6519
9999
9661
6446
8008
845
1551
5773
5519
3875
5458
7870
1637
4107
3721
3580
6072
9291
7635
965
6768
884
7549
7396
1171
3235
359
9679
2946
1971
9453
1131
436
332
1527
6748
5505
8170
9882
9172
8925
4665
9370
6156
862
2705
8310
9861
3453
9816
2747
3909
3044
3295
5107
1218
9864
9416
5702
2843
4297
6885
9026
1619
4655
7700
6691
2021
73
2769
2801
8627
7636
1784
3991
3037
2990
9520
3449
3210
688
1764
9940
9326
7110
6553
5663
9701
5940
2389
4785
1049
5904
6879
4773
9411
7505
4551
124
9994
5646
4572
2137
2322
4449
1322
7335
6044
8118
6150
2526
6005
8759
1403
321
6646
4647
4413
1764
1048
8345
5562
4726
4375
9265
3462
1201
7580
5590
8742
2625
179
1413
1515
2515
6764
6257
3047
3231
3312
7651
4579
1712
2118
3182
8063
9397
8589
4194
5471
7973
8040
9068
3251
713
3964
1148
8708
7296
5053
3858
4023
6590
4110
332
3185
1626
8032
8365
252
198
3735
7279
2009
861
1038
2014
1925
986
9034
1286
6742
4714
6064
3368
473
9815
6524
9082
2888
3006
6906
7511
5417
9204
7211
3975
1753
5182
4926
1202
7986
734
3052
671
675
1413
2323
3924
9100
4334
5403
7218
8507
2918
6558
9057
6531
1292
2518
9842
590
855
7165
1650
2198
2771
3735
3040
5264
2546
147
2065
6524
7329
2904
2547
1195
9478
9328
7373
1181
6007
1634
3355
8754
4297
383
6282
9720
3550
5098
8345
3656
9276
2376
9830
1884
3422
3562
4623
7467
4452
8117
3900
9635
3146
9270
8950
5817
4600
2261
512
40
1501
4103
9435
1824
3952
1247
122
369
9362
1660
672
9311
3840
9466
7939
6436
4657
6946
5962
4330
419
8558
1035
7486
829
1541
7725
2093
2014
9426
8957
8853
7110
7124
8860
4303
1103
983
4902
5413
3159
2766
1541
744
9063
6499
8895
7882
1726
3557
296
9390
1098
4643
1575
8025
5142
6842
3329
3183
4035
6096
1086
6556
247
6482
6367
2812
5573
8034
1243
522
3660
1207
5970
6863
4868
8321
4228
6999
8670
3644
548
4888
5059
8010
2916
8971
9473
6813
4993
4167
5638
4032
9701
7122
4419
3339
8941
8665
4289
3864
3752
1517
9508
2956
9788
9784
9085
7172
7780
7310
2033
8488
1
7931
9860
2110
4195
4518
4770
2315
1606
3951
4069
8232
2080
8141
5983
296
4292
1023
2221
5998
5986
2723
4874
5313
6055
157
9956
6074
9704
9950
6786
2636
391
5475
743
8880
4537
7153
1921
1454
6272
7640
6066
4822
68
9959
4003
1809
1508
8751
8266
1690
1966
1656
111
5211
8919
2750
5635
3456
4624
2901
5239
8939
9672
8950
263
7587
2852
2484
6051
8097
5354
4397
6875
8321
7971
360
8864
2898
3232
115
9460
4691
2756
1126
4789
5031
8514
4787
4204
8733
3068
9203
4637
8391
958
1941
7143
6474
8619
5475
9918
4917
2254
9367
9779
758
9006
9113
4068
2634
1733
6249
467
3794
2917
104
9049
8765
7360
9729
1493
9242
5945
1508
6868
9580
5472
3330
5690
9784
8357
1699
9424
6031
8965
5928
9206
9414
6684
8393
9961
8549
7364
3449
9080
567
234
7771
9073
3880
4128
6557
4458
1627
5024
5094
5657
4410
1705
2347
5463
4401
9643
9925
5278
6346
4009
1711
5608
1377
2862
2917
6859
7020
88
4390
2254
3847
1875
5914
9565
9383
4008
5849
8298
7297
9589
7831
464
7405
275
8225
9804
7039
8781
7308
5614
3747
4098
9136
5185
1989
8236
281
6895
2880
9126
7922
2156
1448
277
8321
7253
5755
6750
5390
697
3383
2706
7530
6687
2559
7357
4267
8002
2298
3876
7463
9537
237
1170
3609
6739
4637
2211
2111
4060
3545
6889
7740
4868
3410
1526
444
3602
4917
9125
6034
2865
7151
5168
7864
1809
773
5677
1261
4797
297
8681
7857
3980
2812
3793
9623
2283
4229
6016
5306
3177
9165
1580
348
1026
4731
62
138
5526
289
9367
8617
197
4371
362
5675
7721
636
4763
4585
6503
7303
7513
2073
2027
2765
5974
7574
1258
7164
417
1506
1422
1954
6348
7765
4020
5377
3011
9992
5019
9580
6652
917
6404
6068
6381
1189
7458
2283
7267
8779
5432
5168
9934
8250
6250
1440
4594
5523
4832
9026
6491
4700
9915
5429
8984
1883
5869
9813
9138
3965
1356
6498
9575
5584
8229
1577
4415
830
4977
2849
6864
3047
863
9954
6026
4249
2139
1583
5807
1302
465
2591
9601
6816
552
8350
9121
8320
9449
7590
4711
4324
3387
5060
6665
2674
3871
7816
3312
928
5540
7645
1186
4972
7871
3795
2074
4631
9548
8967
7831
6532
5532
2573
5168
4701
9033
2151
8113
5772
4871
1090
9048
3775
5280
8456
8389
1608
2173
9174
3020
532
8446
2924
4721
7579
9765
3627
2496
5534
786
5788
8497
5577
2354
2750
3998
9448
9058
2135
733
192
432
5304
6913
893
7791
9700
8857
8139
2927
5216
5405
2656
8512
6142
29
4331
1228
8777
486
3729
8591
466
6142
5645
4396
2872
2049
6304
4414
5673
1802
9654
2504
5825
6076
1659
6063
125
1435
7524
2602
6354
9836
1457
9485
7563
7189
4769
7636
8608
7735
4863
9967
224
803
2339
8838
6328
785
4087
6520
3372
2843
3686
3469
7197
4946
7782
8593
7213
9949
8201
1082
8928
1320
9020
6386
3491
1408
8393
7144
3153
5212
1929
6366
8900
642
7647
5906
8354
2130
714
2049
6506
2417
8077
8927
8709
2190
4948
100
4846
4542
5818
7927
195
3955
4437
3619
3298
978
4624
859
4911
2344
4057
4474
1963
2456
8565
6905
5349
3074
5176
7201
9835
2169
9765
6639
955
5825
7768
8869
4460
3923
8303
1555
917
816
9645
2484
7674
4855
7846
7059
6760
1819
8194
5694
666
2943
1733
1133
629
6195
322
4496
3347
3921
4638
3093
4468
5724
9303
2632
2378
8838
4760
5557
8859
5435
1527
1409
5760
9843
9191
3463
6543
3518
8547
1206
7824
6485
4717
7986
1253
193
910
8608
9703
8818
9615
8347
8247
6327
5514
2065
9968
6787
7605
3236
4426
7104
7822
8950
1026
2934
3962
1480
6741
7923
7244
7133
1862
3843
4322
2162
189
8640
928
167
5830
1985
3391
1101
3134
7627
7487
4365
2787
6888
5745
5833
4354
5408
6700
7111
3336
705
6884
7381
8985
9970
9899
3739
6194
8765
120
6740
4134
5350
5755
224
550
8014
7079
3180
6968
3803
4940
1392
1969
2806
1081
4519
5639
6277
4107
1519
2151
6833
1334
7712
8388
3800
9114
2691
8328
3929
456
9970
3092
2085
2716
7786
1646
9232
641
5748
3691
7977
5659
9266
4189
2594
8309
2762
7984
70
2062
6438
1975
9832
2083
7168
9818
8209
8643
8329
8502
1598
6072
9391
5880
8544
8449
9774
636
8962
279
5111
1225
7275
2316
5797
3610
5092
1806
1350
1931
8525
7493
7254
1816
4142
2314
4823
9195
2657
2256
6582
5290
6899
2296
264
277
6318
4781
5843
1274
8203
7503
8981
4754
270
7262
5480
8168
3881
4498
3052
6357
4414
558
3743
5357
8385
7844
5599
9237
8175
4913
5144
4991
5554
2973
4665
2048
2417
33
9322
3240
2204
510
1358
139
4329
4527
5607
5569
6856
2292
5665
7794
5950
8229
9315
2908
4803
9997
1989
2572
5117
6017
9207
4875
3938
5261
3900
1220
3488
1378
6738
3268
8766
2307
3522
1806
1420
476
5647
2944
1289
9388
6295
9578
3380
3623
7216
4517
2355
6928
9082
9366
9575
9848
7319
1358
6125
9314
4631
8349
3251
3794
8798
5881
7333
1848
8735
5554
3251
1995
3555
8518
6240
1940
9676
1109
9324
2923
2408
3238
359
4842
1339
5620
5410
2499
2004
1728
8068
9771
5572
903
5542
7461
5813
7921
3961
2983
3011
2438
5863
4222
5697
6442
1137
1775
4698
2022
5009
1660
1661
9013
6190
9691
3371
4983
873
4034
7440
305
6335
2868
2253
4205
5579
6786
9543
7084
5648
8307
9081
6988
7876
9712
4771
5110
2977
3637
9390
7897
6536
6297
4659
7167
3260
3490
4849
6792
3334
6123
1202
1659
9526
5841
8183
1654
8528
4352
9182
6899
1476
2019
7284
4175
698
3430
1978
8945
252
8956
556
1875
6847
3377
7065
9583
3225
8565
6851
4882
2080
1909
6644
6531
8627
1475
4484
3617
6928
7402
3100
5659
6972
6031
5655
6211
1889
4216
9860
8288
7424
9461
9489
5225
6091
5784
1577
7753
4200
2009
5336
4477
2396
4211
4244
118
8516
5304
2562
5179
2658
5299
2081
2114
2054
7472
5191
4408
816
8093
9042
6488
9255
5488
1747
4704
3003
4375
9391
3759
8281
6615
8755
4894
9495
4129
9607
2667
906
4208
5777
8147
1872
6357
106
5444
4118
7598
6804
2833
7947
1796
5969
1466
8228
1245
3230
3501
9232
768
4400
7218
1822
7938
5468
3083
3075
6984
8691
5181
1575
1270
3344
9989
6058
6282
1026
6360
6698
4026
7031
3564
5121
1474
5276
5591
8280
1244
160
3508
6890
7357
3704
9642
6798
2205
3125
232
1795
6996
639
6867
9883
9077
921
2170
939
4125
7350
6150
5761
5448
6936
405
8597
6178
198
9414
4120
1842
4406
2205
1407
2335
6607
5068
34
3230
2361
8525
8531
1587
2962
6161
2856
712
7498
2884
3804
7467
6642
398
892
7887
4357
6739
7007
2532
1873
3720
3911
5559
2069
4247
9276
6131
3360
2841
4079
7412
3542
2588
784
3552
1371
4162
7310
1112
2846
8213
2254
2286
9751
5083
9056
4801
1281
702
9415
7956
8621
5476
712
4145
1714
8433
1533
6444
2097
5816
3103
9512
8949
9072
2766
6535
8356
7953
4622
6878
4974
5639
8093
9788
8122
6969
6887
9498
2612
1445
8775
3380
5504
8947
9300
4182
3969
2440
7640
2102
4299
6590
292
1190
2398
1941
2656
1572
8613
7749
125
8931
5677
7243
6321
1093
2188
9718
632
227
6852
8157
5373
9599
6513
1100
810
6132
1287
9794
6452
1664
7107
8657
9572
5260
7724
8806
836
630
7319
4758
4657
8823
5008
6543
4405
7010
5213
2701
4243
3499
6410
4595
4463
6863
4774
1664
2901
5508
2795
5015
1380
9159
5142
949
6595
1808
9567
7276
1781
8293
7641
5588
8039
9922
1125
5670
934
8458
9918
4957
6650
1730
3178
8619
2927
8105
3394
4214
7223
9067
2199
9620
1410
5653
2270
9264
4991
9299
113
3699
7652
3030
5177
3727
2544
1017
1790
8163
9918
80
9151
1390
7405
1044
8822
2695
841
4492
4707
812
4427
8135
3348
6437
727
9291
6858
2949
6077
9439
8262
5898
2002
4180
1482
4819
2738
1079
8478
8116
5698
4430
844
4802
3420
7051
6681
8819
3954
4077
6620
8553
6702
4899
4327
2793
5653
2822
4784
2208
5790
4444
8855
6330
5776
5938
6235
5483
6076
4426
7514
172
4578
2599
4767
6494
2734
7386
8287
3409
3416
8210
6336
5396
1967
2816
1319
800
9256
5462
1658
5007
8754
3861
9499
9031
4442
3642
9839
5991
9826
1063
4323
5477
9746
2060
8690
655
4287
325
501
1926
3704
2660
597
971
5705
7660
7812
5494
5009
8231
6851
190
6673
9359
3119
3379
9899
3023
2859
2367
9565
1068
2881
3273
5869
2094
4092
585
2763
7771
2548
9525
3922
7548
2313
2757
7728
535
2555
5869
7427
2502
382
9533
503
7677
6771
6781
2742
4373
5269
1990
4963
1558
5887
9538
1242
3450
169
3318
3559
9811
8024
8172
3630
312
6682
1951
2262
4595
872
1185
5870
7580
5786
568
6256
9217
6689
65
4836
311
8034
2525
826
1142
169
9194
744
4104
6099
7641
7500
6023
6191
5759
3331
676
1978
453
398
1269
1613
2998
4526
5178
2894
6956
427
8321
5868
2985
1583
3843
3273
6266
4725
5027
6111
8753
1532
8938
3682
5080
1212
9508
9180
839
3316
2782
1062
7419
4644
1927
3848
9098
6885
6570
5673
1429
2562
4679
5123
9805
2669
5317
86
7069
1346
2389
6380
9555
7764
2645
4678
412
4520
7242
5708
1323
9136
9877
2172
5198
4872
1264
9183
5446
6182
7150
532
2170
1613
8578
6092
7323
2671
7180
9629
6564
984
4510
2213
8190
8129
5697
3062
7753
9278
7816
44
5068
670
5462
58
1011
681
4141
399
6444
5032
1545
6498
3945
9958
8259
5885
4274
9566
5144
9786
5139
9704
982
6458
9335
346
1989
5830
2781
9357
8550
7153
2767
1444
4481
9441
1113
4747
1182
4888
7214
3799
9097
304
2421
4830
8622
685
8275
9955
1122
8732
7540
3376
8931
1905
4081
4961
1832
3066
131
6946
7800
5315
3340
6242
3363
7338
2740
367
7697
134
93
5839
1248
2106
3832
4108
2189
3733
2007
5626
6708
7486
5558
8141
163
6738
6839
6815
8557
1654
8870
7376
4844
8648
2924
4171
5334
6826
4155
3830
1830
8290
4106
604
4164
1865
3024
669
3165
5942
603
154
5205
1809
106
4220
301
1353
5008
5451
2945
809
645
5299
4922
4091
4388
9106
7244
722
3385
8365
7728
3010
6646
2389
9423
6053
5165
4811
4660
8202
9377
8212
9095
9706
3206
9588
1126
2361
2049
6414
9961
8138
1408
4557
3090
6765
1566
8282
8666
987
1836
3135
733
8531
6822
4650
5037
3292
5454
3397
2312
9743
2394
1710
2601
3654
3789
6316
5685
1727
3394
4087
6702
6108
3110
4843
6224
9819
4646
2478
1326
8602
5717
8963
3022
2699
1519
8722
8786
130
8684
5808
1281
9412
7166
6034
9211
1077
1985
7368
4216
8707
6922
6780
2276
2804
2029
1470
3669
3995
1531
3405
5521
1409
9120
