779
182
535
127
350
541
290
226
851
956
606
737
322
604
272
562
201
617
221
421
201
978
449
72
381
572
550
860
750
41
390
329
764
900
606
990
745
843
359
453
986
32
838
475
560
107
924
329
526
603
899
738
231
974
207
857
999
927
556
637
739
729
78
674
759
238
583
100
592
234
527
240
70
704
527
884
153
686
230
845
316
328
460
520
475
544
688
106
39
384
994
902
147
579
853
121
238
662
579
278
11
29
962
961
171
958
111
41
223
847
167
965
330
875
754
421
74
162
683
287
13
326
632
18
247
767
976
549
55
915
926
996
341
431
765
610
448
237
237
61
276
557
574
206
853
390
127
380
243
460
29
771
183
660
237
92
631
974
772
918
979
817
461
740
858
843
249
823
816
662
942
627
839
268
929
962
505
795
580
566
575
684
657
951
191
751
628
427
996
256
496
383
801
44
992
694
477
599
349
84
902
987
400
151
286
509
103
265
437
920
937
187
27
767
132
222
512
501
510
64
57
527
107
673
353
787
651
631
308
150
280
229
295
308
696
331
432
568
280
198
957
736
797
728
758
666
492
917
669
237
194
220
801
931
695
300
614
260
346
474
129
876
456
233
671
745
204
872
283
28
617
618
894
720
496
523
353
183
228
181
456
858
110
662
265
805
39
831
310
664
94
934
903
189
334
242
629
894
277
13
527
24
241
31
745
746
946
88
709
458
740
297
917
487
729
489
350
717
322
574
658
592
907
338
694
405
788
826
11
29
897
348
955
739
363
787
208
858
478
7
525
688
289
107
709
101
82
599
364
405
260
288
93
845
75
257
833
437
25
197
756
444
476
973
337
652
216
854
267
301
882
966
21
106
192
339
238
978
383
341
772
811
249
849
523
864
401
523
686
287
748
835
33
704
675
880
686
672
263
940
541
236
780
460
66
487
890
671
85
619
982
942
510
10
539
982
63
757
377
549
877
569
381
747
656
549
13
86
291
582
84
148
873
15
52
887
983
43
101
966
91
832
943
612
258
795
758
396
383
323
466
787
17
190
392
847
253
203
2
634
525
544
62
889
223
486
313
785
686
476
488
995
436
95
464
503
801
832
204
21
410
469
177
880
909
309
638
313
148
36
958
207
91
966
7
361
324
800
680
179
640
520
709
752
858
532
297
19
989
928
134
53
208
613
303
704
316
293
678
692
336
202
288
737
103
980
571
634
114
963
845
51
958
640
751
349
271
557
720
832
435
988
974
637
126
177
552
81
416
737
745
846
966
567
600
265
630
306
823
216
687
735
545
355
312
83
59
483
526
204
317
671
75
651
43
859
298
722
505
890
310
765
619
39
310
937
117
563
550
367
627
46
783
770
975
658
389
130
564
282
860
508
953
801
124
568
487
286
979
957
117
445
827
671
710
509
348
739
757
943
680
272
69
47
125
473
991
144
789
317
422
184
948
713
262
569
962
874
158
462
601
454
192
595
264
725
706
301
110
949
901
27
307
227
59
268
654
28
687
376
175
653
857
173
789
568
303
479
476
811
632
478
21
176
500
242
494
495
397
499
45
608
476
45
31
219
291
628
531
543
798
462
707
620
445
532
0
34
307
768
176
224
64
352
396
706
109
83
229
956
895
583
794
572
21
821
657
748
519
329
435
57
796
347
941
418
410
830
666
675
922
74
450
621
464
417
877
937
80
376
18
677
126
835
236
88
785
673
282
958
974
552
767
209
865
935
714
725
353
898
41
132
336
455
796
826
334
260
932
2
129
553
1
807
26
325
971
868
101
158
276
679
518
979
28
177
180
317
523
754
61
154
771
546
511
363
532
625
879
245
85
769
573
435
303
960
676
760
871
624
927
181
838
362
693
916
926
411
456
589
989
203
23
979
417
989
343
840
18
288
14
367
718
904
617
673
995
760
498
377
924
831
395
89
479
630
810
0
966
21
232
658
490
209
887
450
182
80
249
311
354
324
823
780
706
699
689
179
348
878
282
70
428
550
440
321
600
944
466
217
469
640
9
595
267
916
622
869
15
377
487
145
795
373
891
863
59
87
336
440
380
60
534
699
217
201
663
509
825
436
342
942
900
344
160
627
689
625
496
913
188
484
622
593
248
250
488
384
837
263
576
278
760
181
477
390
628
735
649
574
24
886
192
129
814
685
251
837
531
439
246
133
66
314
725
75
726
744
386
555
484
969
61
142
439
695
741
862
847
171
690
589
467
465
31
296
784
626
352
406
11
442
972
751
608
190
113
903
738
294
62
94
667
2
172
307
298
791
624
219
