131
88
108
17
10
24
253
47
94
217
51
286
19
92
275
192
230
19
62
155
137
195
6
178
154
210
153
139
9
278
24
268
86
233
26
75
92
229
39
273
195
12
144
182
132
90
62
78
29
227
194
45
74
53
243
68
164
154
46
253
68
211
289
280
258
266
211
93
176
166
13
286
34
109
215
79
282
243
88
85
122
127
258
214
126
199
166
184
76
191
260
260
83
253
94
258
14
34
219
158
259
222
250
83
118
259
118
106
123
76
91
191
199
125
135
268
212
259
98
182
106
166
245
125
232
109
167
201
251
1
218
71
175
83
79
23
246
176
198
134
201
197
275
165
238
171
184
34
238
166
103
233
6
137
164
253
233
191
269
158
95
44
231
224
42
153
46
140
7
244
183
27
14
249
94
141
223
156
7
51
75
19
238
122
39
201
241
171
228
178
73
204
173
175
13
143
108
216
24
284
216
135
32
253
249
288
247
82
160
168
9
59
106
73
1
184
161
223
267
193
8
181
147
235
238
90
140
167
123
86
5
185
259
245
44
141
7
120
183
36
88
53
174
11
46
210
230
168
26
112
31
136
162
68
106
134
81
283
62
31
215
53
58
151
91
117
271
248
57
211
128
236
198
163
168
101
207
16
11
29
139
178
82
96
122
231
6
51
168
222
102
2
180
83
194
91
289
156
25
193
96
147
206
19
41
121
106
169
198
123
287
106
180
46
275
195
128
148
216
266
85
207
85
115
183
272
207
39
110
75
138
165
271
249
61
272
196
59
129
18
78
166
139
116
64
205
212
45
159
63
85
181
24
277
101
176
159
117
91
288
216
137
105
267
268
154
68
85
157
271
243
30
230
17
279
18
268
61
171
65
118
215
155
229
72
227
133
267
121
138
164
152
2
114
149
215
263
286
287
247
45
43
165
186
10
85
264
236
15
63
137
266
248
33
220
146
90
207
102
145
153
184
139
150
261
49
98
231
111
62
68
28
19
219
126
97
169
217
24
240
179
88
288
243
148
199
72
217
0
266
92
27
256
236
131
197
135
30
127
66
59
38
119
147
105
261
169
237
192
171
238
2
127
249
270
204
120
122
218
152
230
109
84
63
201
215
246
34
172
153
44
84
256
107
115
194
38
57
187
13
64
159
235
34
36
278
121
130
271
129
255
98
250
188
8
186
191
254
155
94
240
122
228
156
13
229
264
8
169
3
144
68
191
217
229
109
128
206
32
99
237
181
112
184
287
282
62
124
207
253
178
33
182
84
252
55
129
118
179
36
2
142
58
200
179
273
257
22
83
95
204
287
257
44
174
215
198
179
118
154
168
250
184
98
180
103
45
205
62
65
96
129
164
28
181
89
208
18
72
27
209
179
83
80
164
59
108
155
156
51
229
185
237
245
247
108
285
142
148
118
45
173
174
215
45
6
182
1
8
223
47
150
150
157
256
98
4
223
145
228
243
260
223
281
279
246
34
100
43
261
57
115
36
110
233
16
102
141
73
29
285
106
188
201
286
89
223
228
193
236
257
164
173
208
59
49
35
18
228
40
140
87
49
11
126
142
174
200
118
46
288
44
128
148
221
275
241
255
252
271
202
94
12
140
39
202
284
156
160
250
165
262
268
51
42
1
249
140
63
251
68
157
189
217
144
158
259
49
31
104
236
288
10
49
210
204
10
218
94
131
236
156
168
235
167
284
181
122
251
107
23
249
168
212
75
278
53
23
158
94
182
278
167
148
194
141
258
241
163
118
33
79
246
195
49
246
169
170
155
56
5
225
143
192
49
9
61
265
231
285
200
177
178
250
173
110
171
75
196
224
137
245
189
133
206
217
220
164
274
56
119
15
214
80
71
42
161
180
150
120
129
81
102
67
20
186
144
42
98
49
145
261
159
28
23
138
224
193
59
66
221
180
172
5
78
240
155
238
178
85
95
33
259
269
213
280
26
139
148
120
125
16
54
257
155
240
117
111
202
149
60
131
226
189
258
268
56
95
98
176
275
132
289
97
78
20
85
172
157
34
151
79
101
267
90
275
194
215
80
175
247
94
146
185
215
8
187
171
130
140
45
158
177
185
113
242
50
172
37
254
25
283
212
271
260
168
99
41
197
234
138
222
35
148
22
97
72
45
288
114
238
78
131
156
165
267
155
41
103
237
238
271
259
43
40
137
24
122
181
288
254
105
86
210
75
181
242
81
160
38
70
46
62
121
234
52
180
199
107
60
159
8
6
234
37
285
288
109
144
266
76
278
182
281
8
170
156
3
257
133
65
273
117
43
157
226
170
78
155
167
232
219
273
43
85
68
88
7
256
73
133
173
50
262
4
229
121
65
82
47
70
220
251
152
67
189
220
239
155
135
197
264
16
157
201
63
41
97
79
196
219
215
33
38
184
181
66
246
101
145
64
85
190
119
71
160
89
268
197
188
16
258
224
152
202
238
183
207
99
86
153
37
23
56
250
228
123
56
162
191
188
271
123
59
207
145
125
136
88
20
229
245
41
39
237
138
10
101
172
105
10
254
167
201
119
0
114
204
179
239
287
263
217
57
275
266
130
157
135
132
231
236
281
280
141
151
132
58
174
189
284
287
12
206
135
73
45
75
229
85
48
106
262
272
236
198
103
2
47
128
230
154
187
279
77
79
238
171
100
56
115
54
257
120
77
166
218
209
205
99
51
225
152
210
90
3
193
288
85
237
194
127
255
279
284
203
99
100
183
64
16
76
114
217
215
222
115
38
258
152
160
287
137
34
71
11
176
169
137
150
85
215
95
203
88
27
37
115
198
157
183
58
91
91
209
87
179
151
28
169
289
186
203
74
220
147
15
228
124
118
36
105
155
168
248
174
239
105
78
61
276
37
9
131
130
13
29
14
76
168
45
50
253
60
74
41
245
137
279
236
220
220
11
163
252
233
256
61
52
136
233
135
77
91
232
288
275
157
142
39
137
132
224
14
232
2
130
1
231
198
242
129
14
17
257
76
53
258
147
235
58
23
5
194
92
52
53
25
220
207
113
84
205
22
249
147
122
281
63
188
49
6
166
34
150
192
160
40
241
75
209
180
62
142
284
98
223
258
117
22
253
282
167
219
274
33
230
278
242
92
169
265
38
164
52
117
36
10
283
272
0
23
219
153
176
253
18
215
27
120
57
216
177
249
122
275
31
95
47
16
214
164
161
197
216
61
266
55
141
150
99
113
268
235
19
121
157
33
94
107
134
24
215
261
130
0
276
256
269
283
134
261
74
44
264
54
93
50
104
86
281
195
126
50
12
212
28
121
284
126
108
119
58
119
60
172
20
168
193
211
136
218
184
157
129
126
171
181
75
34
76
138
29
45
127
132
124
121
280
247
80
106
83
99
252
282
172
143
138
77
146
126
2
0
225
244
230
42
118
282
157
164
4
209
241
234
72
184
205
221
69
281
38
219
94
260
147
82
237
264
74
202
281
216
71
184
166
89
198
149
232
96
266
196
15
240
247
194
160
173
84
96
187
55
267
134
106
150
201
230
274
265
66
215
75
5
40
197
96
126
274
184
71
248
257
212
154
191
121
253
223
286
135
246
144
126
2
59
174
160
210
166
107
48
155
262
265
1
247
186
240
203
161
80
139
60
83
88
53
30
247
209
172
281
214
199
233
6
177
268
58
214
42
232
230
169
106
110
239
7
114
4
15
82
271
87
204
249
114
188
8
155
180
274
18
4
264
120
54
151
209
231
262
82
106
101
8
61
78
24
59
53
157
241
235
117
103
9
275
166
265
217
200
239
67
87
187
66
48
47
62
249
7
132
150
202
149
76
157
73
101
183
61
67
87
161
26
154
187
212
243
179
165
241
229
59
105
272
111
197
136
29
145
190
42
33
59
196
287
58
258
108
235
151
5
213
114
64
4
123
38
102
1
102
273
42
150
219
3
142
15
32
65
34
255
86
230
260
80
77
179
231
90
15
206
90
200
265
44
167
116
159
212
210
153
69
56
105
27
149
140
107
125
238
9
186
38
118
24
263
81
180
30
213
204
100
118
46
154
266
228
260
209
91
9
50
44
220
192
9
203
178
87
231
80
124
255
188
75
78
120
88
181
246
139
63
139
136
47
210
19
134
35
200
117
98
39
199
106
10
143
283
66
180
286
130
130
251
161
170
45
241
211
164
13
15
51
45
187
136
153
274
92
143
260
181
78
70
56
126
187
23
216
235
11
211
156
249
40
43
208
32
205
261
7
88
145
27
51
118
38
176
35
254
115
102
268
71
155
175
60
59
206
62
134
72
199
60
87
149
123
276
15
216
215
39
51
6
44
285
289
240
95
284
97
110
93
28
183
243
16
49
277
206
133
39
36
82
27
153
124
58
46
123
84
132
137
171
253
115
20
239
197
185
28
107
230
132
189
277
55
243
63
138
122
164
149
204
52
156
91
246
136
152
34
146
83
69
104
51
243
42
22
141
287
141
84
67
169
224
94
279
224
211
223
287
191
171
97
243
241
63
197
64
107
79
101
229
144
111
226
153
76
1
61
115
0
53
1
260
44
53
33
177
146
42
176
91
32
218
121
71
108
269
235
220
171
70
170
99
62
195
271
143
122
276
182
218
201
219
159
118
220
16
243
50
213
247
236
243
166
68
109
267
89
280
247
136
16
118
179
246
54
88
34
93
153
218
28
268
209
109
270
31
269
108
183
213
71
187
283
179
112
121
149
162
71
108
162
16
112
138
244
226
192
63
93
10
103
128
156
219
252
20
89
192
44
141
34
208
10
211
120
118
229
141
225
267
208
51
256
49
200
251
192
287
76
175
204
9
90
120
230
174
182
244
26
26
247
231
110
41
193
214
136
230
132
44
254
210
27
120
27
159
96
278
29
248
34
37
8
260
30
101
128
21
149
201
98
5
81
160
93
158
207
245
154
94
167
102
78
147
175
179
22
258
86
47
164
224
168
234
72
220
157
209
159
47
275
182
63
181
266
138
162
58
171
47
66
136
128
81
288
167
9
68
1
206
43
88
225
207
213
272
252
231
133
129
127
116
53
124
27
7
99
143
234
111
169
129
69
156
5
11
133
8
147
145
187
171
22
196
37
147
157
48
85
214
218
8
118
194
140
218
2
269
42
194
21
51
61
176
193
106
148
247
152
146
216
234
267
170
249
125
165
158
284
29
104
218
29
15
257
28
21
273
192
21
261
12
57
25
8
44
1
213
213
207
181
98
215
138
29
5
202
266
106
33
16
112
15
260
221
97
235
58
197
192
31
79
278
74
170
19
190
117
59
245
242
285
106
63
174
104
204
283
236
78
135
162
0
229
257
111
60
32
82
30
195
74
196
148
275
87
154
278
193
94
239
167
196
67
51
230
26
213
75
8
245
24
217
259
202
27
136
28
56
159
57
128
203
200
194
112
226
57
166
119
257
0
174
287
263
143
196
192
186
244
48
173
161
259
41
27
273
15
126
280
23
248
3
146
229
39
1
136
64
260
259
240
141
256
169
43
168
281
125
130
151
131
156
117
200
82
22
231
65
192
219
132
30
169
5
212
251
170
97
90
14
196
135
175
238
69
248
13
71
4
197
118
192
104
115
59
83
56
81
140
115
163
10
152
189
159
29
8
88
120
52
53
281
202
168
242
270
10
23
208
51
168
87
108
237
46
90
68
65
239
104
13
22
39
262
62
224
25
107
88
252
131
45
242
78
232
163
202
269
58
245
116
59
30
19
122
203
54
222
170
243
221
221
283
94
182
33
19
150
62
224
137
93
245
169
156
188
115
13
178
61
15
78
4
15
116
30
260
211
134
24
167
72
208
80
260
128
283
204
71
257
54
113
257
190
173
123
210
283
252
240
144
249
113
54
9
184
186
58
96
216
49
259
273
140
222
270
231
160
94
169
143
69
125
256
219
271
148
84
168
46
286
76
175
145
241
163
199
276
13
107
273
107
125
132
205
96
68
112
39
115
277
129
288
248
227
171
126
101
121
182
98
30
185
90
102
57
226
56
33
227
210
20
221
286
144
93
273
224
164
183
102
153
253
32
171
152
136
63
237
258
178
129
231
47
182
280
137
207
152
103
168
244
150
222
243
14
9
16
251
178
273
172
282
185
109
4
3
268
2
209
103
271
23
64
218
53
114
285
182
227
84
57
50
131
54
50
217
149
51
189
233
208
165
21
78
123
225
244
44
60
157
209
132
192
129
108
250
226
177
111
91
209
285
203
175
72
242
57
183
159
43
26
86
21
184
113
104
180
192
2
209
282
66
228
229
89
145
264
90
29
164
186
171
139
77
118
0
197
274
188
161
132
0
210
108
59
169
103
193
139
272
98
121
34
181
243
269
201
91
226
8
233
40
277
99
149
39
122
185
45
90
120
130
236
216
168
64
97
157
265
69
226
113
69
289
276
281
270
240
154
277
161
288
105
206
150
149
109
6
76
220
136
55
245
277
197
144
5
196
71
84
62
30
14
109
206
25
49
35
92
188
98
139
173
246
223
119
58
184
152
287
25
123
174
185
138
19
232
219
108
0
211
258
269
143
75
148
68
246
92
12
231
256
24
48
10
226
110
137
159
57
171
62
46
282
20
172
120
37
138
10
212
270
205
220
198
174
44
63
61
196
217
289
202
61
170
141
12
208
273
125
86
213
188
55
202
5
179
204
106
258
162
141
289
152
260
108
197
64
141
79
36
195
81
152
121
0
249
265
192
56
276
151
207
32
49
219
219
83
249
261
232
50
1
91
116
74
5
107
128
223
95
245
230
270
168
160
161
53
283
188
162
248
3
191
172
195
174
219
204
267
5
90
126
196
237
36
143
230
66
125
257
278
141
35
287
140
114
248
49
220
243
140
243
100
55
99
138
93
85
31
20
43
286
206
88
173
68
38
180
247
268
132
64
268
289
234
98
181
168
84
179
16
104
216
256
122
211
221
39
255
120
132
112
259
233
135
177
106
23
159
129
198
115
213
48
146
232
159
153
179
33
212
274
289
239
246
109
200
90
158
259
218
281
23
53
51
234
36
259
174
53
221
60
190
255
51
165
73
242
132
185
83
53
100
102
128
269
135
287
289
92
86
30
246
145
155
50
40
119
262
204
6
40
44
274
88
208
108
193
277
3
129
122
210
210
64
261
238
283
288
120
31
125
268
137
187
118
82
119
94
32
236
165
98
113
285
159
66
179
224
224
281
165
206
62
170
109
139
250
195
163
281
2
10
278
171
189
105
147
128
21
34
56
110
132
165
267
17
214
153
84
174
204
275
159
160
159
265
33
42
134
16
77
19
119
88
241
254
133
38
62
287
4
116
241
249
166
48
57
253
245
65
196
120
21
190
260
80
174
247
88
236
44
197
125
47
100
203
188
277
194
54
115
190
118
145
136
240
206
22
149
144
87
87
56
205
260
29
255
20
86
95
17
69
41
62
212
76
264
38
155
54
210
53
104
188
63
193
52
160
1
76
178
103
195
280
115
171
22
60
208
273
49
65
153
15
148
82
66
149
116
230
251
122
76
78
267
157
224
179
207
176
179
280
4
100
171
57
144
269
256
268
45
9
167
279
264
283
204
175
281
6
223
53
6
25
160
162
163
104
233
283
241
79
74
34
165
114
5
59
246
38
111
268
78
153
74
99
16
121
268
90
190
190
230
147
147
111
217
89
262
113
14
235
66
63
171
229
250
192
7
250
98
243
114
38
55
57
46
12
21
57
114
156
259
227
145
123
16
149
147
1
198
46
18
82
37
283
42
273
118
11
105
53
104
236
250
274
63
178
29
187
167
59
261
166
75
100
62
12
251
204
243
4
53
244
220
251
17
36
172
58
116
13
98
25
69
26
201
39
168
242
37
133
148
164
68
171
160
230
168
118
172
139
8
74
168
71
160
203
6
275
30
159
140
84
180
241
47
85
172
252
244
153
103
133
132
243
30
9
267
169
222
150
123
77
244
13
44
35
252
36
145
62
133
66
117
169
27
74
288
4
59
143
204
127
62
252
274
113
114
77
219
264
185
141
241
46
224
277
39
89
143
122
179
275
265
40
42
85
38
272
111
101
22
284
44
98
138
245
77
69
107
85
252
257
18
26
57
247
230
122
34
255
81
282
77
267
155
225
9
134
138
83
16
204
177
160
258
110
110
240
156
85
94
80
166
207
219
199
151
144
136
226
108
42
30
257
38
131
56
289
285
207
266
271
227
54
175
209
45
197
67
75
269
138
64
163
180
104
94
85
172
194
31
181
106
207
222
182
59
247
126
160
112
68
227
190
159
8
178
253
93
4
142
40
205
112
146
254
265
85
38
175
35
102
281
37
218
247
255
219
187
104
113
168
171
179
233
193
214
276
190
84
248
10
41
121
13
132
128
99
71
253
98
196
45
90
285
196
63
286
82
48
213
100
265
70
182
63
255
53
19
35
255
246
49
43
99
203
79
190
143
53
213
213
45
35
16
10
175
188
127
230
61
271
259
24
83
95
85
207
115
61
235
209
246
42
59
166
12
183
265
256
3
66
181
236
44
284
229
206
201
84
138
264
46
46
117
283
0
245
95
27
236
253
161
15
211
250
64
199
2
71
18
42
109
205
0
76
99
242
164
118
263
51
146
148
31
258
266
251
287
203
132
147
164
258
91
155
10
75
96
255
172
165
226
196
286
86
25
259
232
69
110
137
36
160
153
272
110
120
0
233
199
240
237
118
263
83
91
15
113
267
231
167
172
92
39
75
17
119
169
268
284
75
54
6
140
231
45
64
130
235
117
23
16
157
226
100
137
69
249
273
141
237
101
45
285
158
267
74
118
272
288
209
68
107
164
128
18
101
197
50
213
160
281
92
19
272
248
83
161
38
268
274
187
60
284
156
102
147
84
133
107
37
108
276
241
246
120
85
10
5
210
101
53
6
285
109
230
129
27
229
267
131
100
142
56
250
289
42
122
54
192
219
16
48
17
12
86
193
72
28
144
11
285
190
223
271
211
53
138
89
209
254
64
3
16
253
270
154
103
156
222
132
157
64
107
63
154
9
76
73
254
105
212
166
60
219
229
76
112
148
43
122
38
12
251
106
112
150
15
269
244
205
234
11
96
8
136
262
66
230
194
125
125
277
214
40
264
153
173
42
272
154
118
234
13
144
150
116
236
15
234
230
90
186
0
219
59
33
27
284
159
12
55
96
7
55
72
267
123
32
47
69
2
156
150
21
140
142
286
66
120
212
23
15
87
289
214
137
37
208
89
103
144
79
211
197
243
107
5
52
283
167
50
18
239
2
130
54
121
48
214
181
124
194
283
222
71
161
163
66
144
162
226
256
227
220
5
156
17
276
275
131
172
197
23
234
83
27
248
280
85
139
143
60
127
3
135
22
271
133
60
46
182
137
32
71
9
102
237
167
149
19
248
208
36
76
17
214
273
236
117
219
196
268
198
194
192
192
105
248
223
265
101
104
102
122
288
153
63
249
263
20
101
149
191
211
135
71
94
51
69
56
83
30
124
19
19
126
276
225
263
84
156
266
259
7
86
283
97
245
144
103
257
245
232
83
106
161
165
230
203
246
194
78
187
103
173
202
41
52
109
59
39
278
273
0
250
101
251
20
73
253
208
13
197
41
36
233
268
94
221
144
64
106
186
185
159
266
262
19
159
206
137
260
18
199
247
243
112
282
88
98
116
174
141
203
205
255
242
167
282
68
181
13
102
10
18
74
43
102
168
112
253
162
284
19
241
71
194
234
166
136
235
255
55
129
115
77
253
220
96
0
25
160
128
220
222
47
200
136
256
141
166
88
232
254
22
212
222
144
115
95
67
194
38
162
228
36
281
31
187
3
50
23
3
169
17
148
113
163
147
188
192
39
94
212
55
142
251
260
158
207
35
74
71
130
226
265
93
86
231
154
142
128
95
88
132
64
161
280
114
37
271
161
251
67
47
10
132
134
81
248
95
289
173
110
282
209
98
271
278
165
60
183
38
191
232
111
234
151
27
204
134
115
59
208
134
265
164
40
75
167
246
106
159
59
61
157
198
27
229
249
173
287
0
139
258
272
177
242
114
274
201
30
108
235
54
114
33
210
41
109
84
113
166
212
26
31
87
241
28
129
141
16
14
31
248
271
94
180
263
231
108
78
64
216
257
276
164
242
150
221
78
62
272
54
121
12
248
128
172
66
171
181
148
195
40
107
257
160
212
124
133
147
83
281
31
275
133
133
50
21
155
197
278
202
59
90
7
29
168
89
113
25
214
260
186
198
209
120
103
151
55
39
32
262
166
0
203
280
252
154
123
274
276
270
54
211
174
11
275
257
62
207
36
136
285
105
124
267
271
85
278
254
284
231
105
283
66
164
252
167
188
31
31
244
253
59
201
69
273
43
45
76
148
23
56
145
227
220
51
237
183
281
122
260
163
274
254
242
24
37
86
93
71
267
273
101
224
74
20
49
160
169
268
223
0
19
137
38
286
33
242
263
121
7
258
219
281
142
113
220
113
104
195
103
169
21
125
278
112
45
225
207
177
245
3
245
217
12
221
172
0
143
126
192
9
151
165
93
41
185
288
145
124
267
19
143
132
68
181
20
202
242
225
41
7
164
80
243
203
219
182
53
204
137
156
200
39
1
104
129
238
88
151
271
49
51
120
31
35
136
90
40
99
252
72
175
215
40
150
132
158
204
198
114
53
195
198
196
102
100
105
71
268
281
200
34
90
252
115
271
76
181
91
196
287
51
212
250
141
76
176
1
214
72
30
277
56
125
288
49
177
37
197
204
107
154
220
169
98
249
236
203
124
109
288
6
212
131
274
264
251
116
57
179
224
111
236
260
264
131
245
14
265
251
175
8
47
280
132
219
209
34
45
227
135
114
145
31
116
165
262
123
119
210
68
155
255
179
109
289
35
139
83
95
2
170
4
35
229
277
80
148
96
232
192
266
261
170
52
93
217
48
278
42
215
63
136
234
145
187
110
234
256
127
94
98
135
84
248
24
83
223
272
31
158
79
227
223
188
70
80
198
96
111
203
64
44
222
213
250
259
79
95
72
19
181
230
151
86
6
110
99
101
102
10
55
176
23
3
187
62
58
172
64
71
110
137
125
273
187
33
186
262
34
145
229
1
116
93
269
186
3
149
128
92
129
34
187
141
141
56
32
265
145
16
255
110
160
227
281
182
216
133
174
50
171
154
53
34
159
214
105
217
248
35
124
255
219
122
44
233
148
213
221
184
238
124
249
268
169
281
4
3
106
47
24
148
147
217
17
148
212
134
2
235
233
81
21
275
176
102
127
62
77
204
178
100
30
113
219
100
106
56
274
46
30
242
52
177
157
5
86
159
215
