245
235
132
240
207
234
270
155
197
136
146
255
133
36
90
180
111
258
129
262
187
232
26
23
175
87
179
35
142
98
88
193
288
83
217
71
167
209
214
57
143
168
81
254
95
124
211
211
230
43
82
200
243
141
251
86
159
157
33
91
44
239
269
140
144
30
8
234
250
249
137
274
77
100
167
149
138
90
93
208
29
146
219
79
152
166
138
227
58
186
287
203
7
161
229
258
125
213
31
94
228
126
2
56
236
100
18
160
83
274
161
35
114
95
211
57
18
17
168
196
76
116
9
113
81
87
114
205
197
46
277
23
4
137
242
151
202
213
248
250
160
108
178
103
225
253
255
3
286
213
208
125
273
212
44
242
35
257
187
130
36
52
220
192
270
248
215
172
65
25
83
45
200
81
145
178
49
226
260
34
212
111
135
56
227
201
44
170
121
120
273
62
75
65
113
21
240
86
97
140
92
289
240
146
48
160
0
268
168
280
123
63
169
92
87
263
106
240
152
283
230
67
18
10
154
229
281
228
144
186
230
12
22
94
44
240
248
177
273
211
17
189
191
46
204
184
149
279
20
257
27
230
118
38
83
282
223
102
231
169
12
0
182
64
106
0
241
205
236
3
175
108
247
154
74
147
135
24
265
2
227
170
225
40
4
79
242
78
123
109
187
205
194
81
182
167
279
25
56
146
29
38
114
19
162
244
190
104
278
91
254
105
260
180
18
90
69
222
239
106
9
10
58
26
165
132
142
155
95
234
136
92
224
253
39
85
235
129
258
282
237
171
150
115
240
200
73
161
288
54
70
26
45
159
258
151
109
5
99
210
266
66
61
5
205
128
122
261
286
52
176
128
59
110
183
253
223
82
256
126
34
85
197
191
56
173
40
151
48
134
87
74
128
45
121
76
162
250
211
236
149
23
165
227
99
251
118
145
248
86
145
259
209
87
76
223
184
218
237
59
198
29
205
250
111
279
60
221
111
225
134
47
192
104
73
62
202
254
249
210
229
76
75
242
159
271
192
21
278
39
79
64
2
90
96
125
202
62
168
199
191
54
174
218
3
200
146
128
164
31
46
22
79
18
123
261
91
199
23
22
194
186
81
107
41
76
168
26
34
264
44
144
11
180
245
73
234
250
80
201
278
19
229
277
62
125
72
13
270
157
189
289
117
76
82
237
247
187
23
167
61
237
222
270
23
11
142
92
46
245
56
36
257
44
175
148
121
89
65
252
149
60
91
181
67
217
130
84
94
143
283
110
154
146
241
117
143
106
85
158
244
149
195
21
174
41
266
176
104
225
20
228
234
113
49
126
119
136
15
1
98
157
120
20
19
97
108
170
143
245
4
86
134
70
169
182
53
221
283
275
116
167
77
19
281
279
130
48
226
8
90
143
144
151
156
156
178
40
254
2
209
27
287
233
137
38
49
221
269
36
130
210
116
171
179
13
156
50
75
252
263
26
29
36
149
45
56
175
241
170
227
132
16
55
156
144
23
249
127
117
73
24
12
254
254
93
174
234
284
42
289
94
189
170
226
9
166
87
258
38
239
162
16
114
125
105
10
145
188
15
69
112
174
168
236
82
95
193
154
148
189
68
153
262
101
101
68
285
63
232
227
205
163
197
87
3
28
274
270
73
87
20
241
216
113
227
207
121
203
243
84
217
142
79
191
182
261
236
12
24
75
1
158
129
119
104
273
190
194
213
79
272
271
241
230
99
193
70
157
78
1
213
276
160
233
149
190
121
41
5
122
92
112
145
95
78
263
204
252
4
158
55
149
106
165
118
57
263
225
287
128
129
19
38
95
252
166
23
6
128
54
27
163
142
209
234
232
65
243
89
36
68
262
288
53
255
193
93
171
109
151
23
264
173
78
189
176
82
165
115
27
80
109
242
11
156
65
268
153
163
211
288
53
148
80
37
156
80
111
127
54
165
109
206
134
69
149
10
211
3
259
276
222
123
201
133
275
234
88
129
14
42
152
220
247
246
36
244
21
217
47
156
38
68
50
115
229
87
193
181
11
90
218
227
160
287
195
234
286
131
69
249
84
185
78
22
182
155
126
181
249
134
16
129
72
206
80
209
63
206
13
94
174
203
119
87
225
218
165
99
237
213
35
166
277
89
100
50
240
219
17
49
279
52
232
257
4
67
271
106
38
116
178
86
70
246
26
261
205
110
200
29
135
123
95
158
169
277
208
85
27
287
267
267
80
39
243
122
187
133
202
265
75
239
284
90
218
198
267
116
169
34
280
149
27
185
170
265
52
238
