203
110
227
92
221
263
5
122
261
175
285
76
78
289
265
3
96
256
108
38
70
91
5
255
133
147
240
43
12
44
179
199
186
243
67
241
87
222
199
79
126
2
125
170
106
152
13
126
10
86
242
49
109
171
62
253
89
153
205
191
263
132
187
25
290
42
76
249
245
207
231
46
193
50
237
231
278
18
183
110
223
60
115
107
42
71
159
55
50
199
21
265
165
284
27
62
87
283
181
67
210
95
177
47
201
40
55
147
197
247
6
11
114
69
214
100
270
8
278
213
169
186
34
257
141
180
271
1
142
204
93
148
230
280
147
249
149
55
220
70
90
152
34
10
218
261
249
147
48
284
272
72
169
267
93
88
186
267
228
136
277
100
63
56
132
219
187
135
148
221
239
48
278
81
4
133
18
187
126
288
93
241
203
82
84
215
184
26
216
63
151
103
10
266
287
196
265
126
159
73
232
192
218
28
173
179
96
168
243
29
77
49
284
177
111
92
215
268
236
281
47
176
210
160
237
108
145
110
178
239
263
18
92
69
172
144
271
169
26
145
28
1
165
94
209
64
196
46
90
87
247
273
94
59
263
31
205
250
188
158
69
14
35
287
175
97
208
136
24
59
242
114
239
50
62
205
158
94
21
114
121
238
251
160
103
227
70
173
248
201
124
28
158
219
205
164
177
233
252
73
184
67
78
113
28
264
191
285
94
84
7
113
216
66
32
14
243
239
222
253
6
7
45
197
24
101
179
119
248
85
90
151
156
75
203
278
2
23
76
266
274
0
14
83
183
200
50
143
59
208
37
13
278
172
192
92
271
157
140
188
239
18
42
66
131
116
165
87
234
46
283
230
109
177
114
148
132
240
109
134
200
127
27
47
116
273
126
205
276
161
143
4
162
189
27
190
69
150
281
249
69
93
93
79
81
199
75
203
127
225
185
42
217
64
77
239
212
118
148
207
190
208
246
175
210
50
135
39
217
164
206
86
101
170
213
20
96
209
85
186
120
193
221
246
141
59
67
153
63
63
231
131
188
106
258
113
78
49
42
216
258
124
69
28
216
210
8
97
216
283
255
160
92
50
197
232
239
202
265
27
285
218
208
212
273
133
213
146
203
274
233
78
24
49
268
102
211
262
261
95
252
159
278
101
183
250
245
228
255
202
129
77
115
110
32
188
169
58
139
43
176
164
140
241
112
85
267
138
201
54
175
101
47
18
145
59
248
27
78
71
42
154
127
182
167
179
34
110
253
202
204
11
147
278
228
99
107
189
18
41
255
249
281
109
15
42
15
276
222
64
59
198
252
28
224
266
279
72
184
38
123
42
178
160
79
110
188
259
16
200
83
250
248
140
21
192
30
114
105
273
168
214
1
145
53
34
210
191
60
115
236
263
134
194
233
100
186
115
175
79
4
191
175
69
201
263
214
151
284
230
44
93
215
161
156
23
214
248
120
249
103
34
166
144
287
149
102
29
283
38
70
149
22
54
189
223
175
75
17
142
194
91
163
183
48
276
267
190
182
236
55
239
10
235
16
1
29
175
70
212
240
158
98
282
59
42
107
35
145
65
42
55
90
105
76
117
285
148
200
231
111
76
136
259
61
184
200
89
29
80
55
39
46
14
86
177
73
154
226
197
31
263
123
101
281
7
244
151
73
184
140
251
283
278
115
265
62
37
199
267
81
28
134
115
168
81
10
94
221
63
146
232
248
81
175
212
191
123
217
172
241
235
167
90
139
200
19
191
39
206
212
238
134
89
77
203
111
186
241
175
265
76
184
52
84
24
260
137
221
115
172
257
37
95
246
190
128
187
277
229
80
140
176
69
205
159
140
242
238
127
70
24
159
245
195
41
48
266
258
28
38
158
234
157
213
11
58
126
138
82
119
72
175
276
29
80
75
185
7
185
184
105
22
65
85
205
19
172
25
58
132
270
140
133
243
162
18
174
51
144
96
102
176
243
190
31
259
246
254
127
196
22
47
99
110
218
36
75
153
162
189
105
22
108
73
148
245
100
126
40
258
257
61
64
199
101
62
165
228
76
130
162
220
148
269
229
98
243
274
228
29
57
4
285
7
162
175
127
81
53
126
255
163
215
262
9
124
147
189
37
8
84
215
101
76
233
93
88
226
38
16
91
36
129
266
16
86
136
202
26
46
177
72
133
181
204
85
75
258
241
211
50
186
235
132
205
263
12
66
286
21
276
101
241
36
131
231
130
21
155
154
253
64
196
224
247
134
23
90
116
53
238
62
225
207
9
231
148
243
57
245
287
68
143
12
37
271
52
112
88
48
289
158
212
12
236
172
70
108
123
216
144
281
1
10
38
149
172
96
228
71
231
10
43
45
181
98
3
217
184
162
67
100
146
65
194
51
166
170
7
121
283
149
283
6
215
167
219
124
178
2
122
254
212
112
196
17
276
141
222
209
10
103
125
180
267
138
25
272
252
17
289
245
174
167
78
167
92
279
105
53
212
55
84
18
227
160
19
179
11
13
172
235
233
125
19
151
58
162
212
106
234
267
200
262
197
76
37
238
162
25
144
200
167
180
288
161
194
104
253
53
202
35
193
215
24
215
59
216
132
232
228
277
61
253
284
277
86
288
168
31
119
99
69
38
78
61
283
284
219
136
172
208
125
229
221
269
145
61
62
242
108
159
165
6
258
38
61
247
209
281
252
29
251
121
96
36
122
79
109
18
288
25
210
157
199
183
211
96
282
59
3
127
89
219
180
243
111
177
131
179
68
130
200
281
222
210
160
259
224
108
67
39
50
2
201
129
41
117
289
118
213
151
223
199
215
138
225
255
233
223
178
12
251
58
188
27
37
132
224
207
3
121
215
60
38
11
87
60
1
18
186
141
249
190
100
193
184
180
99
86
85
185
183
274
273
128
202
42
123
169
165
61
34
102
76
87
90
101
261
180
208
8
49
221
53
65
69
112
1
93
9
267
247
171
109
237
80
206
135
119
45
277
51
71
210
223
134
54
114
113
205
54
227
220
166
184
253
287
141
145
118
28
277
52
146
124
44
48
197
142
272
188
32
19
103
14
84
192
269
216
172
136
208
78
177
251
63
6
288
35
207
134
179
19
236
43
69
229
205
91
205
116
249
270
13
227
259
210
23
209
83
269
60
89
184
120
211
218
203
27
192
94
209
162
258
158
86
107
18
243
160
122
206
196
81
9
280
16
207
137
153
198
275
219
127
196
22
286
119
249
164
265
66
125
205
133
15
286
92
91
80
68
181
183
136
239
15
156
171
144
274
125
148
247
148
233
285
242
124
215
187
90
131
17
85
26
6
21
143
176
93
74
6
60
76
232
27
111
230
128
214
57
268
132
66
242
5
210
28
250
112
91
113
270
41
79
225
52
244
106
277
158
81
9
195
282
220
143
98
59
206
207
249
138
160
160
89
193
106
176
96
233
136
1
60
246
274
26
133
158
173
95
258
141
82
245
141
89
288
143
135
231
188
3
261
228
172
140
285
283
120
66
68
107
13
64
105
275
2
188
38
72
107
58
31
207
212
71
167
5
246
215
0
26
96
228
9
62
144
114
267
238
20
131
146
258
202
2
61
264
148
64
95
214
36
153
185
205
75
112
159
228
99
219
289
107
158
179
143
50
80
123
31
250
114
282
77
123
145
185
132
242
182
284
10
179
190
70
185
56
64
17
267
230
131
279
166
260
280
236
105
22
139
271
229
218
242
122
93
106
125
192
227
120
276
274
113
200
55
35
196
193
112
248
163
83
275
230
235
245
158
1
119
260
218
265
263
72
83
121
78
83
116
122
69
123
211
23
146
266
91
117
99
151
230
121
32
176
201
202
250
39
200
242
65
156
175
170
72
226
255
79
26
156
178
183
221
144
235
26
235
172
260
129
224
25
34
133
124
57
263
24
13
230
137
244
269
92
102
200
36
122
242
201
7
143
219
92
116
280
136
100
204
93
246
122
253
97
98
127
271
120
253
31
280
221
154
24
214
252
102
3
153
14
126
88
60
7
49
112
158
130
41
236
45
207
178
211
46
269
69
169
114
160
73
284
72
175
81
219
83
60
215
129
6
22
113
129
269
205
212
139
171
230
269
43
93
134
11
67
148
89
232
236
137
86
246
229
15
188
29
57
95
208
188
270
136
249
88
180
34
136
221
216
267
251
86
137
83
75
38
287
18
103
191
131
53
44
9
141
200
259
186
259
30
231
143
196
261
132
191
27
166
84
248
241
278
33
23
236
135
168
94
287
231
28
125
93
217
220
3
172
192
120
254
112
44
29
251
44
210
41
12
36
48
90
166
51
258
23
185
288
54
268
92
69
257
190
81
119
3
201
209
242
35
69
56
157
227
72
161
131
196
212
274
206
34
106
275
214
84
143
279
185
95
21
26
165
99
76
121
116
40
273
41
159
51
113
175
152
280
8
132
218
229
41
176
276
116
120
270
188
91
263
203
229
177
36
265
68
15
86
68
193
227
241
12
235
90
5
187
256
115
163
266
38
238
279
107
28
258
75
166
212
195
113
209
88
16
101
128
115
244
11
173
109
267
20
126
243
120
268
42
83
77
3
216
271
150
262
247
255
155
238
286
186
273
137
238
42
263
173
192
230
102
243
73
210
225
147
253
186
1
144
265
97
82
48
2
14
64
50
49
75
54
165
116
78
88
124
63
275
203
179
164
74
248
60
271
240
187
98
261
250
11
58
231
223
113
96
85
6
279
69
284
225
127
172
151
276
76
243
228
63
278
288
16
43
282
83
112
93
284
124
209
281
100
238
89
288
278
155
87
237
187
185
239
128
74
116
121
277
102
254
61
62
178
138
222
184
287
286
112
144
282
62
80
40
31
192
136
121
50
57
58
68
124
172
43
223
243
212
191
144
224
216
130
116
75
202
131
171
81
4
87
143
63
269
144
243
288
230
111
38
123
60
106
191
113
143
58
254
95
16
117
214
224
270
120
71
74
287
247
133
105
0
192
276
25
153
226
11
207
14
233
40
278
243
174
80
218
162
152
228
94
174
269
236
35
117
97
50
208
257
62
63
223
288
143
212
43
137
135
278
33
117
117
243
39
116
178
242
18
137
130
284
176
191
74
117
270
239
126
69
162
106
91
240
106
177
269
18
237
59
20
116
240
4
1
137
213
28
17
216
131
273
192
73
176
282
173
118
118
279
236
70
165
178
197
84
263
114
115
18
188
219
246
74
230
287
170
220
194
66
89
165
99
103
270
239
207
30
1
91
222
211
133
272
281
175
195
176
186
240
99
274
179
1
99
3
227
173
57
243
69
115
64
155
126
123
2
53
208
163
249
191
217
200
289
165
278
184
171
104
109
243
44
191
119
191
159
278
175
272
238
208
135
104
18
271
200
101
217
30
262
58
151
0
217
13
239
19
179
10
171
104
244
11
261
191
46
10
151
0
52
287
169
43
201
186
87
234
230
257
102
217
234
3
117
18
239
66
162
89
74
150
177
166
115
92
267
189
146
149
204
284
178
128
65
79
97
231
132
256
105
232
15
158
83
105
272
119
137
60
223
30
205
86
269
214
273
134
198
290
207
150
24
176
262
63
279
75
146
212
270
24
129
238
122
131
157
233
243
57
121
250
136
267
25
223
38
107
39
192
148
125
198
62
169
170
62
254
8
119
270
41
26
89
188
125
80
218
169
212
264
237
267
208
245
85
231
257
213
1
181
4
45
180
164
250
222
54
84
153
265
214
141
2
262
271
47
205
123
120
289
30
237
284
44
76
271
215
163
80
285
24
195
100
148
203
203
218
273
74
70
164
186
252
28
108
197
288
125
161
248
211
12
105
74
151
215
93
160
3
152
288
264
103
90
190
143
283
23
79
259
266
253
19
54
154
160
95
65
99
30
185
25
29
242
141
87
58
49
68
265
177
186
42
229
64
114
19
18
176
167
240
134
71
76
20
106
196
41
52
68
193
196
270
236
101
228
63
262
270
117
27
262
55
31
39
110
247
194
250
87
116
191
177
46
179
189
228
223
112
32
145
145
285
247
21
191
137
3
54
28
35
42
272
89
267
35
157
240
7
36
25
242
186
111
165
187
85
236
247
255
264
225
239
71
103
133
284
80
85
185
60
64
262
164
92
194
195
95
258
176
240
130
243
211
245
252
230
3
189
228
205
83
68
284
49
116
107
169
50
15
59
246
69
22
209
212
244
256
61
0
191
103
198
60
54
25
81
240
71
105
74
22
214
120
81
152
96
226
129
44
74
102
280
236
105
70
41
164
237
59
218
254
34
193
256
225
217
203
6
253
124
210
233
154
286
268
264
116
96
201
158
1
180
271
191
193
245
18
216
285
182
36
185
117
44
278
255
185
279
46
24
263
271
190
132
64
85
13
40
10
225
143
211
151
38
254
206
213
183
264
252
226
248
68
224
57
28
32
18
121
250
37
226
92
251
11
122
162
87
113
203
43
1
124
23
189
167
89
89
268
56
252
284
157
212
151
214
289
270
214
186
77
140
211
121
23
16
127
96
41
70
111
55
265
213
170
256
43
180
33
212
248
59
192
234
13
73
130
9
154
174
15
168
225
40
265
262
65
248
285
178
117
3
226
8
187
149
23
251
164
5
93
248
279
231
161
103
220
33
241
134
88
162
68
188
115
20
225
94
221
163
231
288
231
258
39
22
116
36
167
208
131
139
284
60
203
234
262
169
221
141
7
222
34
124
129
93
209
254
52
240
83
116
118
76
58
78
45
28
111
113
215
61
195
227
45
266
45
271
112
30
10
133
228
94
222
134
28
236
159
54
240
223
278
139
289
98
230
0
33
56
128
171
40
12
257
271
113
261
196
289
213
38
282
22
184
102
257
237
142
71
182
281
63
75
79
250
95
155
163
228
146
54
80
227
165
58
192
146
34
213
201
277
144
0
248
38
212
147
67
257
17
156
190
3
104
254
40
94
141
199
87
221
49
220
168
246
80
263
269
127
39
151
230
216
100
111
219
59
80
64
52
11
158
209
251
267
175
14
52
155
288
248
225
76
233
203
5
272
180
176
250
136
68
87
257
117
280
245
53
182
139
5
81
107
246
166
279
227
149
79
130
107
264
76
177
270
181
215
200
219
236
8
226
42
289
125
202
250
40
195
280
133
24
134
217
193
170
72
88
263
135
61
239
4
76
44
143
26
232
75
277
189
174
121
182
153
28
17
76
132
278
164
188
280
253
179
91
246
229
109
271
277
145
164
102
177
276
136
190
53
234
55
257
178
279
115
270
47
139
25
226
45
138
267
30
268
85
48
124
262
123
82
182
92
264
153
267
177
216
202
253
1
86
9
75
149
19
240
6
206
263
128
238
252
122
170
256
244
258
169
72
86
115
268
59
48
155
164
194
234
110
128
183
9
77
8
57
283
266
10
258
103
226
75
18
68
213
109
225
231
215
81
167
219
10
131
109
181
4
211
62
74
153
33
281
144
169
224
190
152
201
95
156
98
172
179
223
13
239
226
265
48
141
124
37
174
18
103
197
74
185
109
201
201
153
127
280
103
140
155
118
221
23
101
78
25
240
143
183
40
150
165
243
201
28
1
34
152
27
144
101
175
249
225
213
281
75
40
143
84
31
31
107
45
42
184
98
49
129
275
135
123
151
94
216
190
247
178
74
77
109
87
119
54
79
200
2
134
226
132
149
241
164
34
34
92
12
19
179
174
273
274
246
217
133
185
285
4
15
244
21
259
126
137
274
182
112
35
8
48
97
131
43
248
204
131
145
2
38
0
151
16
250
100
93
271
175
36
236
118
147
93
76
122
90
136
201
31
236
131
279
192
61
262
149
146
191
246
167
86
29
258
55
176
103
153
100
260
213
246
52
64
61
29
45
176
80
228
78
194
121
63
11
29
79
25
197
227
142
23
43
146
221
150
83
60
144
259
267
142
177
99
90
201
227
15
160
111
230
99
284
144
60
16
255
132
278
285
217
28
219
192
40
215
236
118
237
150
143
190
187
246
96
280
52
213
232
263
269
13
190
38
258
231
190
47
207
194
257
44
261
47
216
210
222
220
157
52
56
57
168
80
56
192
207
52
266
184
199
240
218
242
10
10
52
214
37
245
192
178
68
27
60
238
217
90
99
66
111
225
214
32
67
204
28
103
266
133
203
175
175
107
107
106
97
254
190
22
254
6
118
167
73
38
95
65
196
253
254
209
14
17
209
35
272
285
194
103
263
1
257
46
211
125
94
159
260
21
258
33
61
221
279
102
241
266
201
133
48
158
150
136
278
12
53
101
288
89
6
194
13
142
179
65
82
136
118
127
68
233
64
79
108
67
21
46
35
39
50
85
161
260
217
126
84
284
2
55
206
220
285
270
114
23
157
210
156
119
284
8
80
75
217
34
287
255
107
115
90
71
286
51
57
189
111
103
34
164
84
123
151
155
287
244
101
283
152
159
110
275
70
64
159
82
243
212
262
266
95
231
59
241
8
44
263
188
273
269
44
242
204
187
286
36
147
55
220
193
84
236
151
201
241
31
66
160
155
168
217
83
156
179
17
68
128
49
114
235
68
74
220
44
97
75
204
78
272
195
94
113
139
161
122
136
118
28
236
245
26
234
79
121
31
82
191
112
267
134
69
226
180
197
82
253
77
76
88
26
257
285
198
166
156
42
13
10
54
87
172
161
231
235
118
95
276
227
205
161
3
173
263
206
198
92
124
129
107
240
160
188
202
57
11
7
238
17
139
60
157
197
30
84
248
225
8
59
93
2
158
19
113
193
290
139
185
82
279
40
7
199
60
44
278
271
36
272
20
172
209
205
67
62
131
145
269
133
167
11
142
84
174
180
192
73
156
89
110
288
151
238
267
26
177
27
177
27
64
183
219
137
252
139
236
169
95
165
223
136
247
38
128
40
156
138
152
59
113
7
13
57
169
200
233
198
62
106
168
155
143
144
136
284
217
259
280
25
147
192
86
129
219
51
96
122
233
187
257
109
31
13
253
183
40
95
14
57
158
167
42
38
278
160
178
91
130
98
283
197
156
265
99
24
145
148
222
100
13
199
203
131
51
239
137
171
57
222
90
215
256
274
278
10
136
61
225
15
5
245
135
265
147
106
91
76
137
30
180
28
150
215
83
70
200
184
22
250
142
187
236
14
101
133
81
61
5
162
140
0
188
180
203
97
149
140
222
56
282
103
288
260
252
135
90
188
261
157
39
273
49
245
217
233
174
143
182
84
106
42
165
201
264
192
289
158
246
117
132
188
9
287
94
146
21
71
273
245
86
155
230
282
38
154
274
263
49
243
161
71
278
64
143
58
87
12
137
93
71
188
212
280
64
251
152
225
288
31
193
271
23
209
256
170
146
70
26
58
127
45
236
171
10
153
191
241
247
121
30
19
145
251
256
199
275
42
238
55
102
228
213
26
226
0
282
39
186
70
88
61
184
97
145
188
76
278
149
258
90
126
186
8
16
94
149
288
138
188
125
213
212
66
265
223
239
235
178
156
254
247
6
8
264
0
135
54
68
14
37
129
95
205
144
98
169
168
136
177
105
267
67
135
126
5
180
243
112
206
248
243
14
9
66
46
51
212
173
13
18
63
167
73
247
35
91
245
16
259
52
52
18
188
218
46
160
153
50
56
28
60
229
20
29
24
144
35
7
235
212
144
188
33
12
95
44
80
162
10
285
217
112
193
232
33
136
172
50
43
79
117
133
241
146
191
12
93
171
71
93
254
15
264
155
120
178
1
238
18
54
175
205
55
25
215
90
70
138
18
15
11
120
221
288
151
132
126
243
56
281
217
156
284
151
112
286
136
148
127
241
231
96
238
256
189
237
74
189
214
212
240
56
39
3
159
248
53
200
83
193
221
213
210
23
162
163
150
288
162
44
198
24
257
21
153
236
149
96
64
180
66
229
92
244
209
108
196
219
269
151
268
234
49
74
231
78
285
228
220
26
222
207
160
123
134
203
34
195
5
244
242
213
188
165
103
157
285
98
6
24
172
170
112
280
121
231
222
148
216
208
88
235
176
15
14
109
184
228
30
36
33
211
43
154
253
172
165
123
33
76
146
25
23
25
78
84
243
125
156
28
152
62
30
252
268
181
208
140
104
276
136
202
174
28
51
252
131
89
23
226
159
262
71
259
80
213
248
55
16
220
115
142
146
86
201
247
84
143
87
288
172
138
220
151
251
77
10
28
90
244
12
161
54
206
233
126
217
99
95
181
249
243
130
197
123
258
85
38
211
213
19
11
144
41
260
232
269
172
281
180
88
5
116
54
117
209
221
119
162
170
237
185
61
28
144
99
148
40
101
192
58
277
244
15
45
43
5
52
143
287
143
43
200
31
279
72
121
149
135
234
80
242
229
51
122
153
25
154
131
110
45
144
225
7
116
275
118
143
195
177
77
172
121
229
287
16
20
40
235
46
286
202
149
77
36
246
123
274
231
74
253
174
23
182
220
118
216
2
95
234
7
126
20
130
245
16
257
104
215
221
86
250
228
247
251
78
95
278
82
12
54
153
268
41
232
177
19
86
267
107
211
68
139
255
13
125
144
33
126
229
148
253
99
84
254
116
174
204
90
55
164
81
133
80
213
272
75
161
0
222
250
122
161
0
89
221
32
260
248
38
144
275
70
141
175
285
265
184
203
3
228
231
289
184
230
37
61
241
202
265
261
77
211
36
287
137
158
24
44
278
155
148
194
104
26
259
131
152
151
242
180
108
6
130
93
172
151
201
55
97
19
227
169
240
175
192
110
257
41
208
20
188
246
171
89
191
86
57
21
246
134
190
0
29
257
254
59
120
166
210
183
124
116
108
103
231
60
187
40
59
33
90
126
28
146
285
31
67
71
149
177
283
280
107
212
200
221
189
196
84
271
190
169
60
236
184
288
92
25
87
29
215
37
77
269
52
273
100
119
90
167
170
135
280
235
255
111
7
155
271
22
32
278
281
178
59
52
103
48
111
162
102
197
159
67
180
226
143
197
35
181
165
182
196
244
94
94
251
254
93
72
147
117
219
50
181
260
212
13
197
51
288
277
114
237
111
249
192
60
138
93
8
159
192
221
83
156
0
245
170
168
43
277
143
243
116
33
289
165
115
155
208
113
149
147
50
23
169
151
59
282
68
173
117
166
34
62
80
242
168
65
201
11
59
255
119
150
10
141
75
64
288
127
26
229
201
106
244
179
273
33
130
160
252
23
51
148
283
146
101
109
232
33
23
35
40
45
148
122
73
6
153
110
30
260
198
173
251
240
239
91
39
231
78
159
65
275
65
64
40
270
220
69
76
46
284
222
129
159
84
204
174
97
40
177
43
11
83
265
175
73
8
188
227
129
116
257
266
200
88
201
206
261
230
115
189
94
64
11
21
245
138
180
15
104
90
120
242
80
179
25
141
120
66
160
173
197
253
180
7
244
158
153
74
40
57
130
122
177
95
171
14
81
122
28
205
124
113
135
158
40
286
244
269
242
184
89
58
38
182
49
190
37
98
27
186
191
172
224
224
226
283
231
275
274
247
276
85
173
53
260
227
227
285
256
19
148
249
49
17
20
279
11
212
289
267
74
267
114
174
191
121
127
245
202
5
129
141
81
85
61
193
90
280
194
94
267
203
116
85
154
71
15
4
124
83
122
261
1
267
146
280
20
49
84
209
168
129
271
241
263
46
194
267
254
248
103
84
62
231
27
82
171
242
91
177
261
25
253
241
180
32
175
144
188
247
281
53
165
280
261
54
146
175
180
120
197
70
187
266
240
72
284
74
68
210
219
142
115
55
20
34
199
158
149
79
19
161
167
223
203
90
260
234
143
54
164
122
20
122
272
252
141
207
35
43
162
203
80
276
171
272
192
59
194
139
142
227
153
184
193
250
253
203
141
48
219
257
164
2
285
106
89
257
11
207
119
126
250
212
215
58
12
12
145
13
163
103
111
132
245
278
75
206
205
209
64
44
224
88
110
90
249
43
21
271
77
207
229
118
129
75
159
235
189
247
154
116
283
246
262
266
63
173
65
178
181
225
98
187
138
145
180
190
106
100
223
194
246
35
85
250
243
197
0
190
217
82
63
118
234
134
79
40
194
66
30
129
144
276
58
134
145
128
102
119
204
144
216
133
14
266
93
25
131
32
102
52
97
179
120
43
150
52
56
99
246
247
149
89
37
251
247
131
126
180
81
23
140
27
168
134
1
95
216
118
212
283
145
41
133
117
97
52
249
285
80
22
122
276
74
2
101
54
136
241
165
119
113
238
208
201
254
207
121
125
197
142
278
166
40
270
86
222
58
267
236
129
134
233
222
5
144
119
203
88
165
268
173
250
38
139
198
260
238
250
250
26
226
55
80
23
48
247
133
208
29
229
15
89
5
95
87
55
148
260
84
76
4
13
256
86
76
120
50
243
20
11
243
240
66
127
38
261
183
289
138
172
54
281
245
211
226
21
173
252
198
260
59
259
88
168
206
272
77
189
248
289
257
14
100
228
270
85
279
110
243
48
36
122
233
203
159
177
22
273
193
151
277
240
7
82
172
91
245
14
235
213
120
253
222
25
161
61
36
212
176
231
79
27
21
157
265
250
115
17
191
9
221
228
244
4
152
267
32
226
168
30
161
244
237
110
118
282
71
277
106
55
122
28
234
180
30
226
289
288
227
244
30
3
37
45
91
281
149
131
99
38
34
38
97
252
186
91
140
248
174
186
67
90
156
8
50
198
23
262
286
242
113
137
187
2
149
223
16
193
54
134
23
143
170
265
89
262
130
179
116
167
31
59
260
44
258
31
198
56
231
111
207
164
88
83
49
249
218
174
226
197
95
38
144
208
125
131
131
213
39
77
125
47
0
52
284
191
209
199
279
263
241
125
132
35
253
254
240
140
271
131
173
136
265
90
125
234
83
249
12
211
75
55
205
115
258
37
31
117
0
157
110
142
107
230
136
243
242
272
124
21
225
193
146
232
71
247
12
249
272
172
150
168
215
37
179
211
2
289
169
149
284
126
106
25
36
99
259
259
244
94
289
270
123
269
86
16
222
170
277
41
222
52
56
66
270
29
106
282
221
248
81
146
155
259
124
130
247
105
280
252
90
99
142
74
198
195
70
44
142
193
239
196
270
95
102
86
136
133
49
107
58
17
148
155
36
133
62
263
283
108
147
85
285
6
279
102
275
289
57
196
64
3
104
227
230
73
1
126
14
26
59
263
61
32
35
232
285
123
283
273
44
121
93
30
196
99
205
289
250
214
135
57
30
141
116
54
156
20
135
5
25
8
98
175
266
85
83
230
243
141
45
86
219
209
197
140
264
264
213
60
155
271
251
99
190
73
249
261
171
215
93
272
189
285
171
119
168
264
73
51
156
29
253
178
103
27
183
27
206
247
16
261
58
90
42
140
171
123
273
140
145
103
227
260
91
224
25
288
100
102
65
256
19
153
33
211
254
64
4
28
13
14
254
106
248
157
171
118
74
96
45
22
274
288
253
203
211
36
184
8
269
92
253
246
76
50
259
25
135
189
143
154
122
135
254
187
55
63
146
282
84
146
274
36
174
188
218
231
219
50
126
235
160
285
82
287
178
71
186
167
179
247
0
52
244
100
274
127
137
84
234
240
120
218
128
172
202
69
154
96
25
76
227
74
60
43
244
89
58
112
153
62
118
204
156
55
72
261
115
198
5
76
283
53
126
111
186
135
264
170
57
102
200
271
12
181
90
224
205
4
65
78
206
226
193
129
151
151
117
131
62
282
204
246
226
256
220
185
109
146
13
268
94
98
214
4
8
106
2
53
46
112
142
141
40
50
271
277
212
210
128
216
59
248
136
89
97
85
124
179
4
183
113
270
23
184
23
210
183
46
3
217
14
229
10
194
38
129
255
36
31
173
221
170
221
71
171
141
127
221
64
263
58
2
139
218
174
23
140
134
189
269
173
144
242
288
280
124
82
125
255
169
145
196
5
157
80
245
152
190
175
103
245
267
154
224
26
204
227
281
42
9
27
192
90
122
67
70
11
2
46
258
165
42
59
164
162
241
180
205
279
72
67
229
74
63
78
177
156
186
184
64
198
83
213
274
270
18
152
124
106
141
44
192
142
19
275
153
239
245
205
33
35
272
262
76
187
160
122
52
125
153
259
208
133
3
250
139
55
153
222
43
285
279
219
177
221
115
123
44
143
252
7
72
109
106
25
275
253
24
74
23
135
284
209
269
254
206
203
53
160
186
210
155
102
106
216
42
201
64
165
215
194
134
195
66
280
239
144
230
7
60
2
97
103
180
235
266
107
283
204
140
53
128
158
64
175
62
144
133
102
201
78
31
123
246
236
186
259
256
222
161
283
40
102
202
108
189
106
274
29
106
132
248
234
176
221
25
144
41
133
138
110
251
145
32
129
43
252
89
1
117
286
86
116
226
235
264
92
38
170
23
273
28
63
239
232
28
194
113
23
112
83
37
163
215
148
75
285
270
253
33
233
149
246
9
169
150
249
273
76
85
76
246
180
84
4
103
240
4
112
91
139
283
25
280
105
67
281
30
166
188
25
86
180
30
14
284
187
277
112
104
258
183
287
279
91
285
147
174
245
88
188
65
65
225
277
56
57
257
288
95
226
168
224
211
61
93
210
90
164
260
229
98
195
289
5
88
77
103
208
216
35
169
115
107
205
191
101
43
260
37
122
22
135
51
271
229
29
237
247
51
151
92
209
226
243
99
92
183
191
5
281
100
275
134
60
222
4
184
256
135
161
172
87
22
225
45
122
38
170
51
150
170
64
200
183
53
225
257
207
113
49
133
46
49
254
134
161
169
273
43
159
138
238
246
100
105
209
186
199
108
232
13
113
225
270
9
194
150
231
133
199
70
276
118
39
24
54
180
24
180
69
24
49
176
70
115
275
167
197
281
247
236
158
117
168
211
57
119
35
202
277
5
278
282
27
16
274
160
13
124
106
46
90
211
9
174
167
143
28
112
219
114
209
254
249
188
4
3
198
37
155
40
187
273
59
167
196
276
129
216
26
215
206
116
185
139
248
144
82
120
26
37
209
117
118
183
239
172
85
203
57
181
108
180
269
44
66
197
236
44
44
30
45
102
274
41
177
254
247
118
208
200
224
180
166
234
27
245
71
38
269
55
124
5
187
240
18
19
70
252
47
269
93
250
196
243
75
289
33
35
156
272
246
146
240
117
53
233
60
199
155
78
73
0
85
33
135
26
176
89
116
34
81
38
195
128
3
262
77
202
281
188
210
147
35
279
253
41
159
238
145
144
0
97
252
118
182
23
22
165
243
223
127
137
129
0
127
96
131
31
124
121
189
82
121
47
186
37
114
175
1
95
107
177
232
159
206
91
116
266
15
7
216
107
175
9
284
167
185
44
46
253
75
25
35
144
221
31
279
5
243
219
270
146
229
217
198
4
223
69
177
278
201
283
110
142
241
237
239
170
95
77
180
100
287
131
176
211
163
3
238
116
24
221
282
151
168
271
74
45
17
35
93
25
215
242
49
95
241
132
31
109
249
203
219
7
244
76
90
105
45
244
262
71
19
155
200
19
87
123
111
239
128
28
109
55
250
101
166
146
191
142
260
281
72
85
80
15
87
266
75
142
252
37
153
267
78
105
259
192
58
99
83
245
187
156
62
106
137
136
239
208
49
103
256
92
150
209
43
20
128
72
213
123
89
218
70
283
224
96
260
23
140
234
60
203
147
5
56
171
175
205
184
171
103
167
131
26
78
248
255
145
259
55
5
142
183
126
193
7
70
54
199
231
29
264
68
157
140
113
138
247
118
153
195
263
105
130
241
171
107
250
96
243
3
222
168
51
239
190
277
178
203
174
122
81
65
226
147
97
45
271
149
179
89
60
1
185
84
141
112
0
203
89
288
46
77
14
105
61
145
134
17
275
88
5
63
199
64
167
87
128
235
219
63
246
193
232
30
113
68
52
186
183
89
88
89
224
180
209
123
207
177
236
187
225
47
250
43
252
170
150
220
49
100
36
16
83
81
177
247
19
100
220
91
196
70
140
150
278
41
149
192
215
253
250
34
238
113
106
104
64
154
192
153
91
192
42
277
64
140
151
101
174
103
219
45
80
88
153
233
96
196
27
173
276
226
110
236
137
217
202
192
23
112
288
257
136
108
225
38
236
264
132
102
39
232
35
26
67
222
125
190
127
120
248
65
233
228
99
149
35
75
224
37
205
176
25
277
186
1
28
160
214
219
237
4
245
251
227
5
44
259
235
232
18
98
157
19
99
221
262
236
74
70
271
238
271
95
287
160
241
153
59
1
63
155
277
211
86
152
46
124
160
147
40
95
140
195
28
103
72
188
268
282
26
255
51
235
163
243
65
152
52
211
77
60
289
45
69
162
213
148
168
147
252
149
28
222
5
45
126
63
257
191
119
254
110
124
154
195
103
279
222
289
12
176
117
226
145
138
122
64
162
263
204
262
99
148
78
44
240
244
91
167
263
238
18
202
100
107
175
58
62
182
67
199
48
167
44
57
202
257
60
233
36
93
66
127
183
208
106
81
186
216
200
269
13
70
8
172
259
205
43
117
209
43
63
85
126
231
134
256
232
245
60
189
256
206
233
38
214
213
278
210
260
224
81
58
45
30
66
28
17
242
184
175
48
155
107
176
7
152
59
18
263
208
222
235
177
261
85
229
210
112
7
228
171
88
14
251
179
207
279
223
62
37
223
252
96
209
216
105
234
274
131
86
279
264
266
77
62
127
78
73
259
81
95
224
85
116
225
6
246
257
154
101
220
22
112
81
87
223
265
286
280
204
176
250
207
147
81
261
154
54
13
85
95
156
72
86
246
92
33
182
282
255
146
128
194
133
79
96
245
287
101
48
272
29
273
46
21
146
4
8
58
261
100
27
278
250
194
130
35
192
1
145
134
249
89
227
82
165
10
164
190
227
14
276
142
82
86
119
15
238
73
286
100
104
45
219
235
8
269
43
267
281
32
101
196
169
109
173
70
33
105
20
103
231
63
111
51
238
96
140
101
68
32
154
89
84
215
261
120
156
189
221
98
179
178
174
58
143
93
137
254
258
77
201
30
166
141
255
219
130
95
61
252
65
160
90
255
274
250
69
13
29
66
190
164
150
190
234
266
120
219
234
265
105
121
133
246
46
66
165
94
159
260
235
237
205
105
77
280
281
269
156
51
60
50
195
254
107
38
59
133
229
160
105
23
40
240
181
239
209
166
155
261
41
51
249
108
235
131
220
277
195
273
116
90
174
162
163
22
91
177
107
208
136
18
155
199
134
24
135
212
86
122
52
174
169
217
282
8
263
208
259
268
282
51
191
147
62
120
123
118
276
194
217
100
241
153
48
77
212
17
185
273
10
69
88
95
132
222
220
212
177
143
103
78
119
123
183
211
10
196
181
248
237
106
257
187
7
181
186
137
259
215
216
91
133
174
213
124
132
221
201
173
151
103
268
217
275
185
247
31
139
5
260
177
0
206
77
175
49
76
217
71
38
243
97
45
243
207
40
240
156
35
136
120
187
144
89
161
60
81
32
129
218
259
207
68
31
183
24
58
44
171
185
253
63
152
111
49
1
21
22
242
34
238
141
88
1
250
145
243
145
92
130
158
52
195
7
280
287
48
30
266
172
137
182
248
3
49
183
202
85
146
99
17
253
276
58
86
18
228
156
133
250
111
136
148
241
7
242
31
180
127
185
279
205
74
122
102
75
145
189
14
220
286
266
179
66
161
162
4
19
266
93
192
257
149
68
80
57
234
91
255
252
181
103
271
45
231
33
30
44
3
106
224
143
256
288
21
249
182
42
242
288
246
208
151
143
99
276
30
287
278
267
258
69
25
44
128
149
99
105
129
62
201
8
41
33
32
74
258
267
111
31
241
67
155
181
222
35
205
279
217
36
1
17
283
55
90
216
105
82
85
195
88
24
174
228
202
121
33
183
94
153
4
96
181
238
277
245
112
248
6
159
236
10
204
90
103
78
58
252
243
114
103
178
106
176
88
121
286
29
60
159
177
146
16
43
138
22
270
201
232
120
270
27
242
159
233
217
200
23
106
151
204
96
110
256
110
279
211
74
258
186
288
108
165
14
7
249
173
29
87
108
230
228
283
217
36
28
46
28
229
190
288
72
183
20
2
37
68
251
40
115
212
284
17
186
249
71
33
73
198
229
81
270
68
39
256
92
31
269
206
207
0
30
32
56
229
36
240
158
222
58
224
80
74
231
161
180
55
167
182
121
31
31
110
85
52
160
123
150
161
107
280
79
191
103
15
245
69
6
5
110
196
26
13
22
179
172
273
1
7
248
225
250
138
252
152
132
51
258
54
227
91
206
93
210
184
12
265
100
283
122
12
265
184
73
16
103
18
72
125
161
161
151
179
163
164
269
66
138
104
97
90
68
174
44
207
249
93
159
219
263
28
220
280
286
24
271
100
152
177
275
230
32
159
239
288
52
102
250
277
48
34
260
259
58
278
56
119
120
116
114
280
181
279
102
152
29
179
119
15
245
27
142
4
6
107
127
32
239
171
154
254
101
40
280
130
287
196
205
25
109
142
158
0
20
207
79
98
197
188
223
278
116
34
177
98
190
231
22
79
285
154
220
119
252
267
255
218
170
41
37
173
6
198
150
224
62
168
21
243
197
12
144
262
45
235
11
277
151
218
161
160
120
41
81
129
242
286
215
145
122
3
42
216
237
260
30
108
208
49
256
43
265
193
88
12
144
112
123
186
118
245
69
271
35
58
147
51
112
130
43
206
264
28
75
239
64
118
86
130
139
38
193
82
273
98
174
232
154
154
123
253
68
203
207
250
71
8
14
267
41
218
11
251
62
205
57
246
114
120
205
116
252
218
278
20
239
114
274
164
225
177
179
75
167
111
123
251
40
96
56
77
192
166
135
79
89
18
255
264
105
24
130
77
46
219
91
229
270
121
153
189
152
231
220
77
282
278
255
92
53
131
58
47
114
203
247
237
263
185
169
174
196
18
197
159
90
129
107
93
102
259
162
187
187
190
194
275
33
103
50
20
239
8
201
242
267
101
122
267
278
172
178
147
175
259
224
242
216
124
160
132
0
101
257
167
90
137
118
239
61
162
107
66
202
74
92
149
205
103
26
59
38
121
50
70
269
38
144
27
155
55
77
284
214
31
228
114
188
149
164
170
262
63
189
36
283
105
236
116
264
57
63
212
93
214
57
224
183
126
91
18
140
173
64
148
202
252
185
110
123
255
289
141
180
107
107
201
127
94
65
31
98
99
196
217
17
156
223
38
256
236
287
215
93
27
46
231
25
89
78
166
199
229
284
18
191
222
283
52
233
222
186
253
88
156
179
179
148
254
79
288
246
86
47
124
254
5
74
127
188
117
59
186
119
272
240
284
3
251
44
154
220
211
206
120
73
153
161
150
108
118
22
240
128
126
123
33
95
81
83
235
92
74
151
246
206
227
256
240
116
50
54
135
82
267
149
5
117
104
211
24
95
97
142
26
49
20
78
61
52
50
135
108
233
93
110
177
36
240
63
274
199
283
131
120
234
96
222
147
60
188
173
184
156
51
31
219
123
216
280
46
55
232
6
135
203
8
1
238
280
225
15
258
261
135
284
202
11
124
248
176
263
118
253
258
283
170
90
115
117
66
287
165
77
159
107
114
271
205
278
30
100
253
283
38
144
231
40
282
7
7
270
241
242
289
234
199
98
8
261
237
249
169
130
36
29
89
241
65
8
286
123
233
74
174
289
98
223
67
288
67
83
289
265
96
138
289
13
194
213
16
35
211
95
11
68
11
268
121
170
241
35
2
39
177
162
13
8
62
159
83
146
117
115
2
25
151
58
181
33
122
187
157
143
207
209
72
222
56
287
200
159
102
244
212
176
226
216
24
241
30
264
112
80
154
189
127
94
23
22
103
24
57
177
238
209
95
132
169
238
278
126
171
152
105
21
68
18
282
172
37
203
66
254
86
131
248
266
117
105
58
46
47
79
13
139
108
184
199
281
10
245
252
160
203
104
186
273
169
95
134
25
288
101
8
148
129
169
45
24
214
83
238
11
280
34
213
258
283
17
230
43
257
132
56
227
84
123
176
151
208
227
45
92
254
118
246
166
134
63
21
223
28
161
45
50
219
207
91
100
65
275
5
163
265
42
213
74
244
115
45
197
1
3
160
285
274
136
209
29
99
93
252
165
219
183
56
225
28
231
152
201
242
71
60
127
108
149
99
132
204
160
110
232
35
287
10
52
33
167
154
165
186
31
34
145
48
131
238
127
240
147
237
243
141
70
176
23
57
106
283
15
78
137
219
251
276
64
124
289
232
68
171
221
216
34
175
250
117
48
199
85
258
266
223
60
196
217
100
27
18
28
48
151
145
28
163
0
16
158
201
71
234
171
38
90
147
149
284
44
228
1
289
257
60
109
170
26
135
88
65
124
194
16
50
194
0
72
256
154
188
246
209
258
242
50
138
121
61
113
219
100
182
166
216
209
2
31
150
81
55
44
197
230
249
139
130
59
133
76
106
220
204
74
83
23
178
262
153
86
85
50
210
260
267
205
201
71
238
84
282
20
9
203
53
187
55
89
24
200
235
11
58
8
181
24
27
43
93
100
250
49
117
102
289
287
47
123
87
168
106
233
133
99
101
255
260
148
43
240
219
180
34
67
249
156
26
187
89
140
143
238
164
10
205
58
223
57
248
217
73
19
11
246
92
86
201
65
53
66
211
205
142
76
197
184
278
177
227
1
154
52
273
80
103
155
273
253
4
87
57
163
18
68
59
48
276
60
74
195
94
28
157
124
75
259
61
1
93
18
246
101
274
88
84
83
86
75
134
54
225
205
77
2
27
238
166
51
157
111
265
240
220
15
25
247
29
230
121
55
82
74
170
72
166
31
257
280
175
35
192
14
207
168
128
244
284
44
203
6
276
12
105
91
21
248
29
31
253
145
15
184
30
129
29
253
160
112
245
113
206
103
56
8
129
227
39
155
262
35
3
245
44
181
238
136
221
16
288
133
139
172
67
92
157
1
254
261
243
272
131
248
286
233
220
16
242
155
21
121
95
212
25
54
99
21
125
57
208
258
40
131
0
121
163
277
201
135
269
180
216
236
126
201
119
193
47
14
197
285
5
214
182
7
37
77
66
46
14
145
63
21
107
185
114
246
146
11
255
259
29
115
194
50
136
254
184
30
126
4
87
258
117
87
210
243
225
289
263
212
164
82
172
229
219
57
125
229
19
142
185
211
287
279
92
29
224
17
261
10
35
201
225
38
141
181
68
49
155
172
215
109
277
127
226
220
179
62
14
212
137
65
276
236
143
265
145
220
152
228
121
1
260
1
271
37
28
50
180
118
166
89
232
55
110
207
10
194
12
55
81
190
70
97
56
135
122
8
102
244
5
47
183
198
132
106
63
107
161
250
262
202
60
24
112
213
282
243
195
92
250
278
227
284
198
53
249
156
104
33
249
122
229
142
165
116
14
116
217
256
105
35
99
84
271
3
283
184
236
184
258
138
73
183
85
207
256
258
12
85
243
244
228
268
214
80
37
71
172
97
6
63
120
107
0
123
151
172
78
34
143
288
275
37
258
17
133
161
23
123
190
116
2
265
173
12
184
89
214
223
61
251
163
279
128
97
192
106
77
173
135
153
83
96
267
169
251
65
8
79
158
129
76
20
57
98
100
32
67
232
62
192
284
283
118
6
205
104
47
261
70
148
223
37
45
289
186
280
167
8
146
259
186
119
205
198
77
66
26
78
158
76
280
5
202
233
213
71
255
224
123
19
127
48
138
247
54
259
146
119
270
59
82
193
201
18
222
188
174
54
202
28
16
149
96
96
152
255
257
7
277
265
131
173
155
93
130
102
181
7
140
213
2
104
110
199
177
221
230
42
200
229
289
231
69
286
169
168
130
264
245
213
110
257
232
60
21
62
252
149
136
180
5
92
220
103
256
1
269
26
87
117
180
77
236
153
122
250
281
88
21
78
57
121
54
219
157
35
250
159
72
287
254
86
223
120
193
75
122
150
43
211
89
268
160
180
226
196
112
162
272
230
6
109
101
173
61
209
123
92
173
119
21
266
105
235
276
56
137
11
56
9
166
103
144
57
257
177
149
51
60
223
83
261
99
115
87
255
276
250
72
171
191
1
9
130
104
190
257
109
35
184
218
254
45
179
3
273
205
236
16
210
40
147
21
16
202
110
246
271
242
284
177
86
250
51
194
99
153
175
110
92
35
6
54
267
44
251
177
158
147
118
180
143
96
119
48
245
283
59
121
110
218
224
195
239
228
83
19
140
118
31
172
196
220
220
65
92
117
237
225
128
140
59
141
231
161
61
158
211
122
105
205
272
202
225
245
61
272
237
89
197
100
208
263
71
52
93
244
245
68
174
217
182
171
127
152
13
274
0
55
39
224
21
244
250
190
159
73
74
61
16
203
56
286
76
183
102
219
203
258
144
282
119
46
150
27
215
135
177
56
258
144
119
40
226
173
261
150
270
284
144
235
21
71
92
173
194
267
179
20
201
259
288
109
199
217
244
20
8
237
149
194
145
207
86
162
54
15
153
168
186
156
194
65
225
180
210
2
230
109
13
85
194
188
250
20
