252
179
89
125
17
156
23
64
147
42
231
32
81
156
120
177
12
96
20
222
143
123
50
51
0
225
64
179
200
190
157
202
164
256
155
32
231
202
117
62
181
168
227
243
209
231
226
63
182
24
76
48
32
134
37
132
87
192
134
259
96
55
245
77
220
10
2
17
117
110
7
38
19
126
84
18
150
36
201
178
171
196
158
173
235
222
160
251
89
152
188
80
244
240
236
153
230
210
240
117
129
86
129
233
81
25
112
126
152
25
154
219
220
151
108
56
129
190
146
175
109
16
80
199
161
121
32
225
81
197
145
106
75
82
149
35
128
135
114
250
112
10
243
193
254
228
6
247
182
258
40
2
177
137
246
218
239
236
90
229
97
240
240
247
12
68
249
60
34
249
116
79
155
41
88
210
246
40
220
124
136
213
95
156
7
205
233
178
246
67
94
195
143
234
53
147
209
29
116
235
106
86
88
168
104
164
111
170
121
163
132
152
63
176
216
48
42
189
252
119
213
142
28
207
194
78
212
238
73
234
68
168
136
67
32
37
162
48
131
104
6
26
251
179
7
98
143
56
130
8
60
7
256
35
244
60
4
49
3
20
173
185
193
54
218
107
21
2
134
93
212
250
12
200
259
185
216
215
107
232
84
104
250
28
162
225
220
71
17
8
147
129
254
99
171
254
239
35
55
123
59
210
207
234
45
5
197
175
137
28
200
143
97
117
209
146
135
188
176
124
22
258
29
109
257
126
19
144
165
2
87
236
102
184
50
105
219
15
208
25
237
227
63
257
211
138
235
64
161
216
154
15
224
211
247
47
207
232
162
187
33
145
63
84
238
122
124
255
254
108
239
93
236
1
164
43
104
41
100
233
86
67
244
184
195
168
256
55
252
241
152
34
15
111
122
229
147
186
58
41
13
76
241
91
251
250
257
68
72
0
138
146
254
96
127
162
18
214
234
121
167
232
15
224
47
47
36
232
37
255
165
114
53
134
23
243
17
45
55
141
201
158
249
84
249
91
234
149
77
132
190
247
10
206
259
188
68
42
165
215
142
215
107
66
40
107
83
230
72
205
259
252
110
151
6
102
102
36
62
209
81
249
180
172
55
100
166
49
150
31
203
78
141
82
157
114
131
247
150
163
175
229
188
91
170
219
82
206
165
0
226
104
149
39
205
68
227
43
116
136
212
27
76
181
121
52
229
254
199
137
135
157
119
44
90
72
14
206
169
125
253
115
246
184
52
248
43
107
76
85
155
94
252
224
100
101
201
149
170
7
90
21
31
46
246
93
115
163
215
133
187
222
129
8
189
70
103
162
91
75
205
252
2
165
167
254
57
91
26
192
0
203
96
76
112
120
156
35
83
214
70
83
108
9
128
144
220
120
229
240
197
245
45
30
185
217
243
83
99
189
105
223
181
129
247
209
164
126
50
77
200
94
98
252
40
208
47
30
175
23
35
45
257
203
16
38
160
229
173
65
152
141
57
46
254
20
56
182
22
236
247
126
214
31
45
88
91
55
231
125
183
255
190
217
228
19
195
230
149
189
18
18
196
119
208
10
225
249
244
74
38
136
30
99
245
238
124
192
54
174
185
69
43
112
225
21
15
234
91
41
46
133
217
240
153
117
17
146
89
188
18
232
14
195
63
32
101
106
235
140
21
115
203
174
71
82
258
23
198
229
166
41
184
241
143
110
34
32
7
103
117
77
45
128
180
16
81
47
236
240
71
112
235
241
174
25
123
9
231
215
189
76
196
102
78
122
195
24
232
234
152
166
155
185
224
184
184
94
27
51
153
20
105
145
157
229
95
6
5
214
148
5
2
112
225
2
153
139
173
43
130
8
25
48
83
191
95
98
256
18
64
19
9
96
31
151
165
53
47
240
178
28
108
14
153
147
61
154
156
253
2
142
77
73
167
24
63
119
53
64
155
78
19
186
156
254
200
23
211
225
138
74
202
26
250
212
161
218
105
201
233
103
151
116
249
109
109
239
135
239
12
211
32
190
66
217
247
67
78
84
146
60
166
257
169
69
30
246
55
40
66
9
147
139
194
171
253
256
203
106
246
145
154
75
245
145
77
147
93
246
119
17
245
205
55
172
61
134
20
222
90
54
138
95
125
99
139
208
144
176
200
101
155
218
59
8
13
254
150
83
227
129
150
157
124
188
139
158
95
93
88
23
8
24
146
226
223
235
127
8
223
242
113
220
87
167
81
151
196
160
169
99
123
202
164
169
216
198
102
101
27
164
65
207
65
103
9
7
57
98
202
177
60
186
104
25
177
241
174
122
255
150
95
41
100
173
145
36
26
53
9
141
182
49
203
60
14
159
177
60
75
231
134
33
24
179
253
231
150
231
215
177
173
179
12
181
230
191
145
98
18
17
67
144
47
229
94
56
64
250
95
177
211
251
10
129
45
141
128
80
128
131
64
149
30
191
126
204
58
22
207
198
186
187
59
87
120
253
105
114
131
205
213
240
185
257
38
226
111
80
91
255
16
91
30
174
90
105
231
13
197
68
94
106
24
79
23
48
229
228
128
160
220
255
52
75
134
229
148
38
143
135
19
82
39
33
256
21
184
30
21
139
142
49
59
253
184
105
193
101
178
9
39
116
40
147
221
61
161
106
63
110
147
257
107
47
152
13
192
164
90
231
210
67
196
213
232
154
0
124
55
192
232
49
218
136
43
231
51
126
154
169
253
70
208
208
115
153
53
21
196
165
7
119
171
86
18
65
181
90
37
219
37
168
143
213
21
238
132
120
40
167
136
7
8
114
81
78
120
135
212
16
128
9
96
86
96
221
165
3
12
124
50
157
87
185
136
4
168
250
200
220
154
92
168
54
195
37
196
78
153
112
65
225
120
107
248
3
259
140
90
67
246
15
208
103
150
147
111
192
205
132
57
186
20
224
109
96
89
137
119
95
81
47
175
6
234
27
199
36
37
116
251
137
192
61
107
83
130
259
193
54
93
103
134
52
29
1
2
162
83
31
37
57
25
41
165
116
197
186
257
198
52
219
180
152
124
153
64
104
112
192
199
101
6
165
171
66
57
116
163
212
176
196
184
250
86
59
4
92
53
188
70
81
110
83
218
248
238
4
100
99
236
204
240
162
8
50
59
83
144
72
96
229
9
242
2
153
16
166
223
195
142
163
190
103
256
80
11
130
98
156
93
13
202
176
165
252
244
96
25
63
170
245
217
8
190
129
30
119
118
135
174
248
176
71
225
222
100
241
230
233
130
106
127
97
172
43
75
241
81
207
145
20
188
80
235
53
157
29
127
190
75
214
184
76
68
82
126
98
163
245
21
49
218
157
201
54
84
53
218
83
99
195
197
192
177
151
222
71
180
100
243
99
176
191
14
155
82
217
156
37
242
152
76
129
194
3
234
122
64
205
9
187
68
91
103
0
214
170
65
38
201
177
105
112
172
179
245
252
195
113
111
154
214
50
255
29
108
216
90
10
13
27
68
23
66
80
253
115
47
191
0
107
251
115
76
112
131
249
213
81
137
78
131
167
242
246
192
43
238
6
247
213
82
7
104
208
115
65
78
37
97
176
11
235
134
168
205
179
125
7
89
219
107
247
190
133
247
41
39
22
3
191
226
240
62
91
182
14
14
118
47
150
74
213
116
131
251
80
217
20
88
154
210
138
111
59
147
49
201
205
176
216
13
40
56
121
95
229
17
61
80
163
103
77
4
188
67
161
25
24
78
82
127
103
79
6
206
29
168
249
27
185
1
238
16
197
218
124
209
235
167
166
203
14
53
92
97
154
229
7
222
194
26
29
75
92
232
90
226
221
150
16
85
178
148
14
6
235
243
218
0
62
136
139
217
72
32
95
25
83
125
174
101
255
9
178
227
181
240
75
9
86
136
19
170
73
114
117
219
34
18
12
16
210
68
31
64
32
203
205
67
212
59
48
200
18
221
172
149
33
140
185
127
115
221
221
245
229
246
220
84
241
229
49
5
195
38
236
249
245
184
101
47
116
146
96
3
60
174
225
247
164
146
29
207
197
92
140
227
235
189
249
5
219
106
205
67
64
13
27
210
6
30
28
26
195
217
176
167
105
202
56
144
8
29
69
222
248
33
198
41
0
14
14
194
222
20
125
159
73
60
20
225
119
14
194
49
4
232
79
13
221
15
224
23
137
128
196
201
15
46
104
27
69
255
117
233
186
141
240
138
225
159
72
106
254
216
97
148
72
236
62
82
107
248
162
134
57
4
77
70
153
123
123
52
93
109
112
33
55
14
141
4
187
196
250
120
155
130
216
258
199
88
36
71
3
150
60
257
233
29
197
135
21
249
212
218
89
170
241
230
155
229
104
72
32
47
45
241
248
97
147
224
12
196
227
150
176
57
244
125
254
115
258
54
133
171
253
108
171
158
156
203
227
103
181
52
190
23
87
169
7
10
49
159
191
43
256
228
115
121
243
98
7
116
20
49
163
132
7
138
148
109
212
117
182
0
69
244
99
142
42
169
44
106
39
210
43
52
77
52
197
148
195
244
171
202
186
43
233
70
228
231
215
14
3
154
178
196
247
137
203
53
225
30
28
213
131
45
134
129
67
67
95
145
73
120
9
233
18
229
237
218
236
176
127
190
58
159
169
19
131
168
216
246
77
77
197
120
18
140
3
11
130
29
222
256
111
236
219
141
142
239
142
194
103
228
135
82
38
72
174
120
130
145
50
167
188
233
90
140
162
113
48
237
221
71
123
111
22
44
194
196
243
198
182
133
139
202
256
123
105
152
222
207
195
52
120
182
12
178
148
217
31
208
57
137
41
206
71
8
12
138
212
253
163
161
35
259
216
220
24
114
229
75
179
156
26
181
135
33
233
222
45
80
248
209
138
155
120
52
185
176
217
17
213
81
228
90
151
88
208
237
17
69
71
183
10
189
243
67
66
222
244
119
54
122
26
16
85
70
80
171
88
252
16
154
248
31
27
103
113
245
92
240
185
135
185
225
87
157
221
252
244
76
142
70
75
229
36
187
21
0
40
39
148
186
207
241
145
165
95
75
98
115
165
118
138
123
117
82
17
191
145
159
203
136
63
76
239
115
70
34
143
232
227
43
0
231
232
32
94
205
22
182
215
108
55
99
97
172
174
64
133
60
122
90
246
120
57
20
226
226
73
187
252
113
227
151
214
240
224
114
164
134
78
199
78
121
89
198
121
14
65
132
165
198
203
172
129
143
135
134
256
212
35
243
165
168
164
16
240
107
25
180
94
29
197
247
205
136
41
127
224
0
226
139
30
234
58
256
247
70
20
114
257
27
33
195
55
250
46
74
179
90
214
194
190
64
146
14
106
166
117
79
189
254
24
180
130
186
103
236
149
85
35
227
217
60
259
233
170
39
72
256
236
53
184
104
0
232
74
190
52
129
196
29
184
57
98
156
38
214
166
42
190
137
71
257
61
71
224
56
138
42
81
35
247
159
10
70
234
236
132
32
176
107
169
43
172
139
186
154
159
143
186
231
138
10
92
94
208
201
259
98
76
80
105
242
73
209
116
37
231
69
129
115
25
129
83
77
91
175
225
119
54
25
252
58
160
86
110
218
157
216
163
66
187
232
163
66
142
42
172
244
53
235
172
102
101
169
89
248
47
93
11
221
164
218
137
125
66
235
19
114
143
12
169
159
49
185
109
142
49
134
62
29
26
218
182
147
210
244
236
220
94
198
51
86
101
238
220
71
125
106
71
47
33
34
68
248
208
231
101
210
259
157
20
238
223
77
112
96
99
106
191
94
73
94
40
233
197
186
120
56
65
52
121
245
179
113
184
150
120
141
181
126
199
105
98
176
195
76
215
24
86
152
257
240
79
1
134
90
115
201
173
252
230
25
4
114
20
191
259
27
88
159
65
11
131
2
43
240
153
68
79
12
176
216
70
114
189
36
109
63
153
106
152
55
107
123
43
74
42
85
129
241
137
4
153
11
219
86
105
252
135
47
222
38
196
252
114
0
172
58
124
115
171
224
242
16
101
176
123
9
138
194
133
51
73
156
22
10
122
136
204
72
66
168
153
218
0
155
95
216
199
43
44
104
161
27
242
254
154
109
118
248
184
242
249
109
42
74
247
240
155
234
92
207
176
59
255
150
77
212
189
124
201
127
118
236
133
76
72
88
209
221
131
215
164
131
207
60
122
147
66
249
220
94
99
107
166
157
16
32
126
149
236
12
238
181
197
72
64
107
219
154
97
39
129
20
218
110
126
61
64
176
46
5
47
197
132
55
165
98
125
123
87
226
235
110
176
195
175
71
11
66
43
68
65
98
226
17
258
213
197
233
239
208
66
231
187
102
242
164
242
102
54
205
212
197
73
178
190
5
29
84
27
47
127
62
53
143
47
90
104
44
25
61
94
26
19
204
73
145
79
212
209
204
8
91
78
82
256
190
172
96
160
112
138
198
184
258
60
3
184
131
213
100
236
129
23
68
236
7
102
17
245
191
112
177
208
96
185
245
155
39
193
77
195
113
117
173
212
78
102
246
203
75
189
129
60
12
42
46
214
95
128
222
19
93
76
87
91
69
107
105
18
133
218
124
248
197
235
34
91
156
251
191
119
62
31
112
231
207
256
104
77
89
215
126
226
66
252
69
35
152
134
115
90
148
124
59
134
157
137
55
9
65
15
89
182
180
82
248
173
124
155
83
46
181
135
72
105
244
162
127
19
217
96
35
6
141
147
228
17
26
173
28
168
80
11
170
247
209
237
111
147
236
94
95
108
11
258
175
38
106
140
229
31
28
234
197
169
211
119
140
122
189
29
20
56
8
41
224
117
100
244
135
32
141
73
136
195
0
15
251
167
193
114
153
4
206
252
217
26
58
254
31
115
50
11
240
181
186
116
47
239
159
87
171
55
194
77
103
211
26
28
246
144
175
214
132
79
204
232
111
124
228
51
1
3
22
237
18
133
115
147
68
150
226
12
143
94
131
221
196
103
124
14
40
60
87
87
259
90
179
9
129
226
58
130
96
18
169
127
150
40
5
150
218
118
91
13
190
37
211
165
237
129
146
234
108
159
96
1
46
14
123
125
15
217
12
53
24
230
193
224
135
60
116
215
207
7
47
255
139
35
138
105
139
35
99
225
102
73
144
92
81
172
44
83
69
228
220
7
137
218
248
25
135
131
67
12
13
157
60
32
70
221
207
135
101
238
191
89
100
144
76
25
237
88
246
92
86
175
187
27
192
177
133
164
128
1
162
17
33
232
180
71
187
188
226
42
257
97
43
254
219
170
230
240
31
140
62
13
148
114
223
102
195
61
119
202
164
242
194
10
22
35
221
23
164
10
121
95
113
4
129
253
67
162
73
239
129
249
161
133
141
8
178
132
17
116
72
111
120
29
180
23
230
181
209
66
128
133
76
33
194
227
179
140
30
189
250
122
179
236
180
191
236
239
177
109
38
211
163
222
203
160
194
187
14
240
130
55
24
252
95
136
132
222
124
192
219
136
98
248
100
234
36
171
210
107
256
193
202
101
92
228
196
236
239
65
95
253
180
59
96
147
109
0
198
116
52
6
41
14
144
154
176
220
139
113
190
44
1
121
193
251
200
244
192
98
223
161
177
25
98
165
101
201
196
250
136
74
92
129
134
103
114
63
67
236
62
215
57
96
204
257
160
20
88
31
112
159
115
100
209
98
191
242
30
199
184
135
72
119
126
39
220
32
145
181
87
86
51
232
15
201
77
178
148
140
215
103
141
143
151
22
107
203
198
257
15
44
203
220
171
138
93
190
125
178
129
225
179
220
257
123
161
54
117
73
79
33
46
128
61
50
211
155
132
35
201
169
91
196
124
105
138
10
109
107
22
32
125
15
38
29
257
15
24
198
177
24
29
227
220
231
0
7
92
40
110
113
211
239
168
217
218
115
142
138
119
45
233
188
214
26
43
218
84
131
162
205
194
58
218
132
145
103
150
142
29
124
99
186
95
28
152
96
192
138
20
127
48
148
125
71
188
136
168
180
30
234
74
167
145
169
243
53
156
204
48
230
130
56
46
55
217
12
118
7
68
39
152
61
232
259
252
61
73
0
39
51
218
13
21
127
60
193
76
59
255
229
92
67
239
16
170
39
130
123
119
34
160
149
114
192
229
58
192
247
201
24
231
257
105
154
17
255
63
105
108
16
249
49
145
53
163
154
74
142
217
246
248
187
80
30
95
86
19
44
227
213
251
103
150
182
61
76
244
107
207
207
152
147
121
17
85
225
257
252
0
186
91
137
226
186
215
188
235
189
107
54
127
53
211
221
209
114
191
52
150
186
3
156
121
222
92
77
153
162
17
40
199
17
144
146
65
44
197
103
7
144
33
48
101
211
184
58
213
37
203
89
230
128
96
54
6
156
164
160
95
186
86
93
0
136
167
228
193
96
247
143
39
28
65
165
95
254
250
13
70
94
92
159
215
211
65
122
142
219
206
131
177
84
34
100
11
5
161
25
34
117
68
190
98
165
208
211
27
164
210
219
214
148
191
122
68
82
41
196
159
63
32
78
92
19
65
171
35
235
8
31
159
145
218
150
172
37
166
4
152
124
173
131
52
125
55
231
154
118
235
128
100
82
259
246
254
34
42
154
183
251
229
162
259
26
248
57
223
186
118
113
188
2
147
32
73
92
227
131
108
179
208
49
92
218
258
47
1
34
239
98
182
185
174
90
129
66
18
58
44
206
232
205
185
98
66
67
191
101
140
10
196
189
123
99
54
104
61
95
213
238
221
53
157
74
207
90
2
198
139
175
143
56
40
63
136
92
237
146
65
183
121
176
13
105
243
224
7
99
228
110
121
80
4
144
81
161
206
75
7
208
110
258
228
105
27
26
255
56
51
105
61
46
149
153
63
217
4
18
22
169
142
32
248
31
167
27
115
200
89
174
20
69
22
166
67
234
229
232
10
115
238
116
87
223
221
61
245
103
241
251
197
102
225
28
224
196
192
146
254
159
208
150
254
159
54
208
95
29
145
122
74
240
209
35
108
55
19
23
145
146
31
88
25
13
244
104
126
249
206
43
79
62
31
143
142
111
241
54
39
233
155
251
213
135
106
193
259
176
51
127
203
175
249
191
187
183
51
119
69
125
42
65
74
42
13
259
24
43
246
74
78
99
146
185
226
113
71
222
64
160
220
136
115
9
219
94
188
41
132
190
202
192
19
12
66
89
79
154
139
242
193
175
188
25
194
141
161
9
47
60
76
254
155
13
70
24
92
183
19
239
121
52
177
184
14
19
222
187
34
46
220
82
19
143
188
15
209
228
44
108
126
166
85
30
152
68
217
179
254
13
131
33
30
90
134
165
169
146
82
257
191
71
221
252
13
253
83
54
219
223
52
240
9
203
72
231
244
37
156
181
32
216
20
105
61
118
159
8
230
33
152
201
162
203
180
33
76
53
36
204
37
193
55
166
69
136
103
153
38
133
17
224
81
156
74
37
42
117
86
45
199
243
105
210
212
31
61
93
239
60
16
9
113
2
199
241
176
255
107
2
18
106
8
108
16
43
239
3
237
11
143
228
197
217
57
10
177
91
174
4
191
205
201
150
71
220
67
247
12
137
38
89
46
35
29
250
234
146
148
259
127
203
242
196
164
252
183
200
11
127
155
127
254
73
18
117
244
227
224
208
123
230
190
29
122
41
86
30
91
104
17
246
231
90
91
14
185
230
247
77
185
247
181
64
229
178
241
196
198
118
101
34
165
42
183
232
238
169
35
194
106
25
208
153
115
147
79
183
219
186
254
27
126
205
3
118
59
30
129
224
210
8
59
190
223
99
4
120
213
14
101
246
138
209
118
58
130
37
227
81
175
113
182
193
85
195
143
165
21
38
158
96
54
90
55
46
63
206
188
194
147
206
9
86
175
254
33
45
256
94
237
160
154
57
137
54
235
226
78
90
121
51
194
159
10
116
180
57
44
250
216
163
210
242
113
46
1
31
160
178
58
12
86
167
79
85
137
219
221
245
163
167
4
48
6
100
68
111
243
197
93
67
22
132
111
92
40
149
190
206
194
169
254
121
179
220
46
214
89
145
69
72
24
259
69
236
182
49
92
125
52
75
34
98
45
208
226
158
153
224
156
146
64
18
214
138
252
190
179
214
113
239
87
12
171
195
126
224
119
114
198
184
85
78
75
93
200
57
252
57
114
24
42
220
159
5
201
211
148
201
27
128
205
79
113
190
40
197
193
227
20
199
244
231
3
128
169
23
28
45
259
228
94
118
58
83
229
127
52
129
143
251
47
126
235
10
139
227
153
92
237
193
225
32
161
95
109
156
139
113
158
237
188
257
144
15
103
113
115
256
170
165
207
166
86
197
23
208
134
212
124
181
100
64
259
175
44
163
175
53
77
46
201
84
114
15
61
76
99
87
180
160
91
201
111
23
74
73
153
165
5
81
149
18
195
142
160
249
211
116
257
246
140
57
96
146
12
102
201
186
26
40
178
228
235
205
87
152
199
246
180
73
64
51
248
184
61
12
187
78
164
4
123
105
136
91
94
62
245
130
110
255
199
15
175
104
64
187
237
150
98
6
65
193
200
153
159
120
221
149
149
246
158
230
186
123
134
247
163
40
232
163
245
224
255
80
45
50
146
39
170
102
74
89
6
145
6
259
84
206
175
235
238
255
92
32
256
47
8
53
148
75
94
216
142
60
161
116
67
170
135
128
219
122
86
94
135
1
111
52
239
201
182
67
42
244
55
20
76
196
233
12
154
211
241
122
7
257
164
93
168
234
2
238
107
83
239
49
60
157
32
29
115
42
54
106
13
3
6
173
211
151
178
78
62
195
126
245
198
213
247
96
46
2
116
38
257
203
117
136
128
158
191
15
200
127
212
56
144
152
8
61
9
217
248
120
111
193
81
47
212
64
206
14
153
28
183
140
227
170
0
70
2
26
241
194
181
28
99
64
205
183
258
78
232
67
198
202
169
29
251
244
115
48
27
97
142
224
45
221
95
169
256
10
151
255
243
13
210
55
161
91
179
107
122
148
88
117
72
2
214
199
254
243
199
215
205
252
35
193
197
210
169
177
96
212
231
254
232
110
124
171
127
116
128
257
6
244
219
183
125
0
13
84
251
121
158
13
193
19
103
90
229
117
115
156
129
235
38
256
164
116
100
44
129
213
118
251
118
99
77
128
153
39
200
154
93
239
216
39
57
238
200
28
78
63
172
145
163
41
253
115
222
259
200
71
179
258
145
160
154
134
66
114
73
4
62
81
21
31
46
228
144
42
134
117
66
81
26
202
103
63
103
174
183
75
118
7
77
8
162
87
