224
75
177
72
4
244
82
129
83
232
101
34
157
258
169
211
259
97
113
59
179
188
178
43
169
61
100
1
157
242
113
48
214
25
190
52
253
250
229
109
178
196
76
204
45
187
171
138
236
239
198
258
164
97
83
178
124
203
34
130
107
70
198
192
187
80
45
106
70
83
32
171
77
216
49
96
115
57
100
92
83
203
181
46
163
140
5
246
30
121
223
181
124
66
104
0
181
166
171
44
201
9
160
125
141
133
214
179
4
154
183
173
131
5
256
154
72
82
14
24
121
243
80
204
152
92
57
126
19
104
244
187
91
149
3
15
178
221
92
90
252
35
45
173
51
184
104
168
47
164
156
62
138
80
7
103
2
177
253
107
179
210
54
117
75
91
133
108
39
130
171
108
137
193
82
171
164
196
220
39
72
149
191
23
89
78
204
62
124
144
185
178
249
153
6
93
57
199
175
103
102
76
16
194
211
242
248
220
238
111
3
30
0
86
133
56
137
187
220
79
170
145
24
156
206
13
92
131
213
214
136
141
13
177
72
220
21
255
155
232
22
219
96
148
140
16
61
256
227
141
153
4
229
119
43
68
237
203
89
13
180
22
236
66
13
86
20
111
230
130
145
141
2
7
111
203
93
234
8
79
65
36
89
151
1
114
151
221
15
231
221
164
43
97
192
169
102
112
18
117
242
255
190
18
74
226
194
42
228
136
41
146
8
195
149
145
75
230
221
183
188
89
66
4
70
75
177
178
81
235
152
13
17
227
166
20
231
183
194
214
132
204
9
100
141
15
237
136
153
80
158
30
174
255
70
53
226
113
251
257
179
72
30
176
140
80
88
230
19
117
159
127
49
136
121
170
120
90
147
18
213
221
27
150
115
203
40
46
230
93
46
78
160
223
24
193
176
256
191
171
152
164
53
133
3
66
246
241
207
120
171
245
238
69
45
38
23
134
182
6
53
257
138
95
0
41
185
113
182
103
128
259
196
152
5
127
182
9
166
14
145
167
96
207
44
202
208
189
157
209
42
251
201
72
254
177
145
240
17
115
71
185
96
49
235
134
236
67
175
212
169
184
242
164
173
230
198
31
234
26
54
132
235
61
141
109
113
41
2
217
259
217
201
221
102
237
208
227
178
148
102
91
243
77
125
138
87
59
91
99
251
159
56
250
233
210
100
103
72
177
58
182
143
251
152
12
14
26
106
176
163
63
258
37
92
220
5
46
105
84
128
191
26
176
62
217
62
108
79
59
214
205
79
39
230
40
59
253
48
134
157
249
253
252
122
97
177
14
88
224
126
204
186
176
155
211
1
182
81
107
172
97
238
233
215
149
46
178
118
56
121
162
98
207
89
253
113
100
236
107
47
144
258
197
81
138
168
2
1
110
217
216
64
174
202
48
134
24
152
152
24
119
64
230
99
143
256
146
58
79
80
97
248
195
27
15
58
41
116
172
105
117
118
99
84
138
194
15
235
63
219
239
49
155
49
33
223
169
155
226
91
141
206
19
88
14
249
28
30
243
77
51
68
84
218
120
6
85
117
46
9
255
192
258
77
8
212
173
117
137
37
139
185
245
120
131
89
70
162
160
132
188
33
167
230
92
44
93
59
47
50
218
125
88
65
108
231
122
113
75
31
123
57
51
44
32
40
184
114
68
216
53
216
44
53
240
202
61
54
156
81
218
136
36
197
101
197
159
216
16
225
179
130
90
236
216
43
255
164
162
11
73
129
15
184
151
32
88
62
17
185
174
52
257
85
121
56
175
75
113
6
165
205
257
63
142
177
45
251
72
239
205
78
246
76
105
121
159
74
2
223
113
144
8
258
157
249
10
170
10
64
240
147
21
226
14
30
19
149
111
108
147
158
65
79
141
97
56
180
5
158
68
33
117
145
159
139
207
114
187
61
219
19
63
11
249
76
92
64
38
184
81
221
14
94
145
141
81
256
107
67
135
6
93
85
77
230
12
66
66
1
19
80
6
208
27
241
102
22
72
123
0
68
17
181
256
201
177
9
210
161
193
235
21
34
27
45
152
108
154
136
78
79
127
125
257
118
232
2
75
229
147
184
225
13
13
15
255
71
204
110
62
69
169
36
9
158
134
117
152
51
253
154
245
130
99
130
205
58
16
50
78
101
109
131
194
139
237
200
149
15
111
222
12
231
210
162
136
9
64
131
230
160
82
15
254
162
5
226
198
136
56
67
257
27
1
70
152
55
99
233
107
87
155
115
231
214
60
21
54
155
195
109
142
257
41
233
98
106
244
96
197
165
136
228
178
193
9
117
123
149
82
132
36
221
227
169
80
36
72
151
226
55
219
31
194
7
41
110
137
223
105
164
255
43
126
20
77
35
26
221
172
126
175
166
130
53
163
126
214
222
42
159
223
243
184
212
173
28
197
160
179
11
186
35
249
161
15
153
191
113
10
7
129
185
120
167
154
175
90
253
159
202
133
135
210
104
44
28
234
69
135
248
238
204
74
64
213
199
233
113
159
10
199
225
138
38
193
180
50
106
81
177
188
217
68
159
193
164
68
160
35
165
163
110
105
152
18
96
35
103
252
222
33
243
42
208
113
200
18
176
244
34
94
140
10
48
102
159
200
145
57
252
3
123
243
164
18
146
96
164
200
153
165
35
33
164
197
81
49
54
209
149
185
131
2
256
177
187
204
218
219
161
223
13
34
114
78
232
126
147
193
30
198
145
29
8
70
159
125
251
120
160
69
159
164
71
62
228
59
78
10
220
236
242
213
190
49
75
45
116
137
252
65
237
179
42
146
117
226
116
236
217
216
98
18
145
111
102
216
216
180
144
146
39
190
251
9
211
175
50
136
140
197
256
198
63
83
190
92
168
203
92
50
92
202
163
135
199
256
143
72
85
117
182
38
210
5
143
127
162
104
235
221
49
140
228
158
210
22
11
140
208
85
240
81
21
69
30
37
234
242
110
15
94
44
176
79
149
54
162
247
101
55
177
257
106
173
101
152
131
95
146
124
34
133
219
191
14
179
58
248
67
221
67
24
220
40
177
46
77
149
33
123
248
217
111
220
154
15
119
138
137
89
76
205
213
112
152
98
34
108
12
45
188
84
212
9
78
107
250
54
249
201
234
212
175
215
191
133
140
76
245
35
242
32
184
189
66
163
178
102
178
199
247
27
220
60
189
54
27
53
195
41
5
212
55
222
214
17
243
107
127
14
211
90
241
159
212
137
43
64
97
134
105
7
194
190
145
61
159
173
51
160
104
191
256
251
33
16
85
246
98
34
59
46
256
166
174
71
54
79
179
22
91
229
140
222
66
74
83
176
11
114
134
90
212
227
85
184
192
209
51
130
55
245
30
105
67
229
203
57
249
228
39
229
21
123
226
211
124
53
32
243
86
33
111
90
219
116
161
195
162
121
47
199
167
126
93
75
20
94
220
255
88
179
180
36
107
68
233
155
229
100
152
222
71
120
118
16
54
197
165
197
148
102
8
18
136
213
204
21
58
110
173
156
95
5
205
127
236
89
107
205
113
82
42
53
68
4
207
100
156
179
213
73
194
70
57
220
64
84
36
58
2
162
4
126
154
101
173
174
117
57
55
158
148
209
129
95
44
107
142
70
59
54
161
218
177
14
74
91
106
71
129
18
220
30
136
203
13
138
136
83
109
141
225
190
223
72
11
201
169
229
176
249
215
53
39
116
102
9
126
234
35
97
93
236
16
81
230
72
122
58
85
92
214
62
125
162
91
46
242
213
188
87
2
51
18
189
99
66
112
83
213
52
182
129
221
65
210
32
186
216
140
222
56
229
162
136
181
164
40
196
220
99
85
183
146
30
259
66
69
232
216
82
55
6
129
62
154
152
27
129
115
49
76
242
243
193
255
255
162
15
177
44
225
212
176
123
183
35
37
244
47
57
48
69
49
60
22
171
161
73
108
28
133
159
160
252
12
63
25
216
10
119
167
205
197
54
202
78
51
29
44
8
189
142
144
47
239
46
148
228
213
113
115
128
44
88
169
193
178
27
156
231
223
157
32
85
18
219
64
107
194
128
132
25
30
119
12
151
3
131
104
144
228
226
230
136
172
71
7
201
85
221
155
196
176
152
10
137
48
146
211
211
19
252
203
186
137
70
6
168
146
108
188
249
199
107
117
113
29
60
25
75
155
160
24
140
38
76
249
53
197
131
234
64
4
10
33
143
33
81
145
106
132
156
23
239
75
155
231
26
121
218
79
47
81
5
20
52
103
65
243
72
95
130
211
159
39
230
223
98
190
181
191
238
147
213
230
114
81
166
222
8
172
174
49
33
147
176
258
46
54
60
124
196
233
234
66
161
158
101
145
193
141
94
192
170
223
62
139
62
28
49
243
184
133
215
81
115
60
89
142
1
6
142
98
173
154
41
247
45
178
126
127
43
204
154
163
250
115
181
202
211
23
175
107
49
108
86
130
157
168
169
32
28
34
99
4
56
87
82
93
86
147
56
240
41
164
25
115
87
27
215
94
136
144
232
79
206
225
73
70
230
114
170
175
140
181
239
110
183
51
40
36
237
220
64
61
143
246
38
224
25
184
56
199
145
167
194
251
221
92
41
168
54
150
254
112
100
138
11
175
34
223
58
191
244
76
215
258
98
125
169
61
83
133
129
243
136
73
186
94
104
90
72
18
230
163
161
46
233
45
235
250
70
148
59
210
49
140
190
58
104
236
170
70
209
54
148
82
211
139
226
70
122
66
76
18
198
163
64
42
70
251
19
134
219
178
16
223
160
217
197
210
258
25
219
190
25
98
237
198
95
246
94
162
80
119
15
133
0
108
193
78
52
147
25
143
122
117
213
223
203
145
225
65
205
116
133
4
101
81
42
88
247
33
226
235
8
35
78
195
115
108
218
60
226
11
135
2
237
48
259
108
204
18
52
160
181
95
177
228
30
226
134
95
240
172
90
21
187
61
63
243
255
146
79
82
183
156
93
128
12
256
255
17
71
191
13
212
193
64
87
17
91
107
249
30
74
2
211
237
230
50
229
102
49
48
36
140
179
38
47
131
38
145
181
124
2
125
48
27
81
87
103
74
10
208
126
157
74
253
19
19
155
255
168
55
42
208
85
115
128
117
50
89
183
69
222
30
43
87
18
56
204
171
218
235
153
57
201
66
62
127
65
1
109
205
7
208
106
133
134
182
177
220
150
73
38
244
43
24
85
161
206
199
156
133
250
75
145
191
215
138
204
218
84
33
256
31
158
9
224
73
58
231
189
135
30
71
83
241
144
91
33
28
21
115
249
27
150
215
128
153
206
142
244
53
151
253
195
89
102
156
91
251
95
138
164
229
245
39
55
73
143
120
221
242
56
146
122
111
166
12
184
213
30
154
130
16
73
7
189
48
97
2
51
233
146
78
28
255
98
127
40
203
181
139
94
49
206
191
154
241
235
224
246
237
24
11
53
55
140
96
122
239
131
204
41
242
199
90
109
22
191
218
127
250
179
9
173
218
70
153
106
65
121
95
55
179
86
144
246
4
111
18
104
68
190
211
183
129
125
34
247
174
39
182
153
209
213
97
95
92
220
140
53
163
23
173
36
61
158
158
42
76
208
212
238
224
194
36
7
126
80
11
24
180
249
165
195
248
151
71
154
238
241
123
157
216
108
140
91
190
46
219
171
246
138
245
85
208
118
205
167
68
137
240
219
13
164
127
149
188
121
113
111
76
166
208
153
9
133
196
56
176
211
20
149
117
251
148
193
212
61
70
250
91
63
100
47
48
249
176
81
22
257
236
0
69
172
255
93
206
45
128
88
197
107
215
218
27
253
191
214
79
181
69
203
145
36
241
107
230
119
233
43
229
42
40
143
64
215
173
222
209
147
70
185
114
252
114
258
12
251
148
51
88
71
87
146
243
190
140
112
187
102
175
235
64
5
114
68
146
151
168
177
115
173
207
124
65
52
59
125
107
52
105
251
64
248
236
127
215
41
8
161
106
91
255
107
43
101
95
86
106
240
99
151
86
97
103
67
31
121
55
90
259
84
248
241
215
1
0
225
114
185
87
180
164
167
48
73
22
87
162
157
255
177
0
56
124
97
163
107
82
19
26
54
155
140
196
82
245
228
81
183
255
193
191
221
187
98
237
25
22
127
91
96
104
43
207
200
205
131
127
79
243
70
12
102
135
148
37
43
182
37
73
88
115
60
40
180
103
182
83
51
232
64
29
217
67
227
114
192
238
185
255
130
48
177
11
231
93
259
38
133
57
254
206
38
54
33
70
3
221
241
85
0
215
138
245
255
231
18
62
49
170
43
3
75
188
157
107
100
178
43
210
211
259
193
221
72
80
216
235
35
193
121
94
99
245
170
90
100
233
178
156
105
89
51
98
228
6
74
55
96
167
77
18
218
75
231
246
99
75
168
103
253
137
105
19
105
148
220
66
225
247
185
74
219
250
201
244
41
207
178
196
136
10
106
46
209
208
110
164
84
219
152
215
58
117
15
115
10
34
36
251
220
74
240
150
98
116
157
46
7
178
16
144
195
185
255
84
116
237
107
163
144
133
90
207
106
62
232
57
211
9
24
210
248
126
205
154
86
170
65
87
103
143
140
178
17
88
76
39
29
206
151
150
221
150
37
65
64
120
64
113
165
168
79
220
3
68
72
107
208
79
197
203
112
143
203
114
233
92
162
223
2
26
53
82
125
231
184
16
50
107
63
24
247
204
24
240
101
162
121
242
40
9
244
81
230
161
124
72
177
242
11
69
22
132
1
54
201
198
95
72
131
166
228
129
234
69
123
132
149
77
17
13
84
89
105
241
111
14
50
219
150
41
31
150
153
153
190
72
166
192
112
177
249
72
42
21
28
17
199
206
255
89
77
136
67
129
214
60
59
33
184
119
132
55
132
171
95
108
178
45
152
5
119
153
69
211
42
226
210
228
114
104
218
56
234
236
184
247
29
186
165
29
58
4
222
110
36
232
160
51
34
244
39
199
115
247
186
227
216
201
249
190
100
103
109
226
164
42
44
11
11
216
115
170
166
112
231
154
206
157
116
85
207
6
253
123
255
243
240
26
162
61
243
140
237
250
209
162
105
193
230
174
38
141
193
103
185
236
77
119
51
119
87
223
244
53
102
100
174
136
64
46
85
165
29
50
91
103
196
173
96
199
74
78
243
83
234
150
244
183
173
49
245
217
122
233
98
176
29
96
195
88
126
101
155
192
128
6
111
176
73
1
226
106
181
181
94
225
40
179
59
66
98
15
50
149
258
202
194
241
211
251
182
182
224
155
192
220
138
123
76
142
57
66
22
255
135
249
244
181
107
212
226
36
228
207
237
6
36
157
20
259
207
33
139
46
6
78
167
228
218
246
78
232
156
78
150
180
228
224
236
154
224
35
143
105
103
196
213
180
254
259
258
96
55
17
193
109
158
156
18
73
30
259
185
150
24
90
197
224
118
125
66
206
204
69
131
100
3
32
62
117
151
148
25
219
139
257
239
44
5
176
56
48
62
63
131
200
102
138
228
47
214
89
39
248
174
144
160
182
53
57
74
132
183
212
19
115
30
69
154
99
60
214
201
208
169
22
27
174
145
156
188
82
256
206
132
29
1
80
197
224
37
237
258
222
212
63
138
44
157
195
212
247
108
73
219
198
112
217
94
168
16
187
74
175
188
187
67
40
159
174
208
93
203
255
100
204
53
239
38
124
150
148
132
219
155
13
249
47
26
11
72
46
24
56
143
24
208
140
117
16
63
179
52
180
66
149
150
36
63
55
2
222
179
168
54
240
13
38
201
133
121
235
190
181
216
40
98
241
114
103
179
235
194
124
208
194
47
245
203
0
96
50
181
88
105
247
204
102
151
168
249
148
7
104
238
99
182
28
99
185
173
15
149
32
15
247
18
121
227
99
25
199
18
177
182
175
54
203
214
2
54
15
223
27
12
223
180
12
218
137
199
36
16
156
56
248
6
150
219
109
203
89
186
137
166
143
4
32
118
176
85
159
67
112
122
101
34
38
218
104
173
104
231
209
1
109
204
251
84
160
87
219
97
111
214
41
256
174
244
98
195
120
171
97
79
13
17
154
91
110
25
73
114
196
131
226
78
100
61
15
59
149
34
64
161
101
190
203
142
246
128
245
129
154
257
32
221
118
104
224
94
37
60
254
195
252
140
119
90
227
229
236
15
82
109
28
217
257
1
105
216
18
92
175
8
16
171
137
235
224
146
243
4
232
118
66
73
72
69
47
123
109
129
171
190
245
99
103
99
257
154
186
25
171
151
41
31
242
44
224
230
257
124
25
131
49
113
226
55
219
1
62
130
167
48
233
14
1
131
50
6
201
133
258
176
124
49
229
141
131
251
108
110
212
144
252
82
146
33
105
82
69
135
103
228
7
38
180
165
172
86
56
134
147
147
170
17
237
120
117
132
52
190
236
147
131
27
145
204
35
244
192
79
1
100
216
199
185
25
132
251
75
46
126
50
148
191
8
167
110
68
178
52
48
199
4
172
214
6
202
236
32
0
58
211
123
0
142
148
126
73
166
72
69
211
7
160
138
96
47
10
54
25
222
201
185
37
228
145
191
232
212
48
4
130
26
101
132
38
170
200
113
53
26
241
192
65
72
118
82
144
159
104
241
231
74
40
100
179
218
51
127
64
21
37
84
211
73
23
187
188
111
139
101
107
32
61
219
0
117
120
141
89
219
222
70
209
86
132
27
138
31
7
46
50
67
43
119
102
192
253
165
256
99
187
125
142
68
78
92
104
62
41
221
246
37
132
102
202
39
37
19
50
171
172
135
139
234
72
5
30
84
78
57
251
122
56
136
61
46
53
105
84
152
99
188
230
16
186
84
18
74
142
191
154
44
180
108
104
207
174
156
114
197
257
122
129
215
56
138
117
82
256
190
39
171
44
39
92
21
112
192
73
99
86
200
40
203
127
249
58
85
70
107
256
133
191
182
213
159
41
62
135
240
206
13
48
133
241
161
115
190
174
207
146
137
89
212
228
43
185
54
136
34
196
228
204
122
114
29
254
186
143
141
209
238
103
127
49
248
103
65
65
147
128
141
193
148
17
30
177
125
244
198
40
209
232
250
92
155
37
199
122
179
133
5
135
37
30
161
202
16
236
61
156
178
131
7
204
15
195
50
193
126
142
257
13
91
113
160
199
247
137
111
35
15
201
0
199
235
194
68
170
88
69
201
0
28
15
107
219
45
128
29
82
127
229
208
65
134
92
171
23
189
232
244
149
147
173
125
74
196
27
52
12
88
191
138
25
9
91
213
42
212
78
94
189
84
253
97
99
205
129
245
231
119
40
28
54
149
117
85
65
204
105
0
237
107
201
201
87
52
152
155
126
126
114
41
225
46
113
50
238
187
35
24
254
35
223
234
138
217
76
71
130
138
164
173
129
106
18
64
172
125
195
15
116
236
137
23
195
25
109
28
11
256
50
28
139
184
69
76
245
138
183
221
181
126
235
226
35
193
114
64
246
9
228
220
246
192
180
13
0
236
189
78
47
153
132
173
19
122
189
209
201
159
169
222
235
134
130
220
145
250
120
204
88
147
62
255
179
120
257
225
253
138
144
20
227
113
132
250
164
103
13
122
239
52
251
125
201
248
59
95
62
23
243
88
245
234
148
119
21
40
190
57
182
214
57
180
54
138
78
222
71
76
146
172
97
193
135
102
223
252
155
170
37
42
176
65
242
254
30
217
161
59
186
140
114
172
46
201
102
144
64
32
141
59
184
153
221
163
225
241
104
120
158
77
8
221
152
50
67
255
107
162
104
119
196
196
56
92
119
145
206
38
214
159
183
15
188
29
137
176
4
18
252
95
230
204
173
142
60
231
151
146
15
99
175
106
35
205
140
216
16
86
161
0
231
59
10
257
12
41
23
112
89
214
72
236
215
48
161
254
132
132
58
92
164
68
129
47
72
257
24
77
144
248
78
27
220
168
139
106
103
91
240
187
186
49
108
40
257
71
127
34
190
253
119
110
187
200
108
179
30
66
178
68
216
135
167
224
15
184
157
2
235
15
226
80
37
11
121
20
138
229
18
140
181
23
45
75
196
256
135
256
196
77
37
201
38
42
11
159
121
9
212
34
198
107
118
51
6
80
140
239
230
208
162
73
161
174
93
74
20
114
135
134
245
165
64
67
84
155
114
232
169
208
157
80
135
140
7
121
256
176
49
47
158
139
244
101
69
92
153
12
11
206
187
227
31
228
110
253
220
84
191
127
16
7
213
146
227
204
161
75
86
151
121
64
189
231
132
43
71
95
158
101
74
73
161
174
254
188
73
67
180
233
232
120
127
166
21
180
211
14
132
209
26
135
67
146
34
228
16
24
180
20
238
199
232
211
186
214
53
3
9
53
90
219
94
8
72
199
65
240
33
257
219
11
183
232
78
95
224
27
166
164
163
94
219
152
65
84
81
25
7
53
91
242
246
250
197
3
89
58
94
146
240
167
55
236
159
80
18
117
163
80
194
69
135
215
139
78
66
3
17
115
132
123
195
121
86
192
216
193
142
223
140
42
121
106
141
160
82
246
132
31
247
69
16
180
8
108
151
51
227
155
112
173
107
89
22
38
234
73
226
139
253
143
209
105
22
61
166
58
190
164
183
89
192
179
7
36
257
6
175
141
161
230
77
178
247
205
153
62
0
5
14
141
69
120
219
33
203
131
236
40
156
79
207
15
178
247
109
5
179
110
200
98
254
163
229
245
258
235
202
111
34
24
52
256
33
60
142
43
141
59
86
124
180
217
108
17
243
216
119
258
82
148
27
199
227
131
128
130
121
233
111
86
208
244
248
216
209
257
156
217
5
163
102
82
162
215
159
131
139
255
46
244
19
37
157
255
167
208
34
48
64
90
211
25
220
258
91
174
17
28
25
31
160
234
173
41
134
112
80
82
185
88
25
157
199
229
74
127
97
250
69
7
106
30
60
209
201
137
173
151
158
166
69
196
232
10
177
11
227
195
118
28
90
195
6
211
145
122
251
245
193
30
13
12
17
82
114
91
217
88
23
140
164
147
21
28
46
105
223
224
200
75
44
171
47
254
99
207
22
189
49
31
30
206
200
249
114
83
102
137
9
211
108
27
44
59
25
220
195
103
221
12
49
79
29
15
123
27
238
252
254
63
205
126
48
204
138
178
183
102
149
153
195
40
36
168
180
163
220
80
177
141
237
253
247
49
116
68
25
131
144
94
10
226
34
38
255
238
64
168
179
94
196
196
159
164
189
163
196
36
53
133
130
206
174
73
17
146
16
221
185
159
81
172
240
215
9
216
179
29
128
107
76
19
37
172
192
125
71
117
18
14
4
51
163
70
204
163
146
103
86
212
56
247
197
94
229
51
117
41
34
177
185
67
170
160
55
192
3
37
140
249
42
200
184
207
33
210
11
167
27
152
247
78
125
183
138
138
150
66
53
127
241
111
223
236
71
196
56
127
52
145
147
180
6
231
130
181
241
109
7
55
103
201
15
170
222
30
140
223
116
88
9
6
211
150
98
133
230
236
171
244
114
214
5
67
164
157
231
259
192
149
28
5
235
191
194
165
34
15
167
145
259
121
74
64
159
122
163
220
256
135
212
40
1
146
124
56
202
27
254
199
147
209
27
58
62
206
174
258
136
63
111
227
169
67
56
251
109
38
85
81
92
244
136
74
143
119
245
253
64
82
219
240
35
249
40
114
108
157
152
79
115
197
198
33
232
104
138
106
228
159
249
192
12
109
105
57
227
95
69
27
182
200
13
58
70
237
77
55
4
107
8
222
245
235
223
101
35
62
47
20
113
187
195
122
230
52
220
161
48
27
184
99
75
129
79
74
85
210
186
192
188
26
184
190
103
99
88
27
130
165
67
78
69
86
193
220
1
197
88
254
29
173
32
32
153
44
220
258
23
104
101
238
148
252
6
248
44
236
150
147
94
254
119
45
17
1
240
99
244
181
196
141
13
184
53
126
125
69
18
210
26
122
31
64
191
159
126
74
215
145
68
135
5
91
163
9
141
56
87
77
101
114
161
104
245
153
131
118
30
37
197
69
126
146
103
160
205
106
212
14
243
225
142
154
117
41
149
216
25
34
246
209
14
58
60
75
25
209
3
217
162
186
111
136
133
102
133
204
170
96
130
100
241
183
80
137
143
16
229
225
222
219
88
208
228
238
172
98
167
204
174
35
121
126
10
3
25
7
127
65
176
49
14
214
29
88
47
255
41
88
12
2
12
219
225
200
164
16
163
257
154
14
196
190
183
206
77
8
150
26
132
50
15
228
139
148
8
201
200
106
54
195
73
128
176
115
187
81
90
212
137
192
155
239
156
83
58
224
30
255
191
195
36
240
242
231
246
67
221
65
116
66
226
227
212
89
146
14
130
88
155
90
8
87
34
24
14
212
246
69
196
48
176
214
218
19
95
174
106
217
162
138
256
215
114
81
92
106
169
81
173
196
180
45
25
26
122
0
6
215
232
118
47
16
63
35
177
219
258
8
89
49
198
157
212
53
205
132
185
138
32
123
209
26
174
245
21
55
91
134
249
44
122
193
86
81
74
164
21
109
117
59
122
252
236
16
133
165
12
99
128
81
10
30
153
247
233
167
164
141
116
215
214
122
220
70
241
187
221
6
107
230
64
214
216
241
192
87
248
210
200
122
57
37
220
111
39
190
192
3
164
256
237
196
187
36
153
138
117
233
124
187
48
43
85
89
66
204
48
201
74
145
20
242
213
238
47
251
164
57
71
131
122
247
20
89
21
142
78
14
55
20
78
43
111
3
161
178
158
199
64
248
193
172
120
137
236
0
117
107
227
68
196
54
201
255
157
103
85
16
179
158
104
120
150
77
247
86
115
122
215
33
108
237
98
209
2
125
205
15
150
165
202
201
164
57
201
237
24
259
137
77
229
153
62
178
20
52
178
204
222
109
74
33
195
190
4
127
37
3
91
234
197
204
246
41
62
253
47
124
142
90
94
203
234
35
215
133
228
71
237
67
3
189
251
104
119
245
89
182
211
21
43
166
227
256
155
170
238
165
21
235
87
65
235
21
246
83
150
84
114
197
244
90
236
52
75
6
200
27
117
171
103
16
107
161
86
133
147
115
140
109
224
158
69
164
251
181
132
182
116
62
122
129
182
93
139
10
257
221
202
93
236
135
57
7
191
179
9
99
220
135
233
20
165
231
140
32
157
12
125
58
55
153
25
245
113
245
196
258
98
8
198
35
190
209
187
206
242
150
6
85
59
210
259
214
67
193
222
21
219
216
119
239
196
185
75
187
6
145
115
254
80
219
25
211
180
186
202
38
108
36
153
251
123
246
218
238
12
236
60
168
211
211
165
168
217
62
110
23
163
176
190
220
50
28
252
98
100
33
48
177
240
49
83
92
199
8
193
83
149
133
140
9
234
96
8
144
219
113
221
259
62
81
174
10
60
242
128
229
60
92
147
221
108
92
25
94
133
185
210
102
246
65
233
160
149
80
58
149
54
136
1
198
199
98
155
195
229
159
109
210
256
151
40
204
105
247
39
67
139
15
86
138
212
44
107
3
116
156
39
216
86
163
233
183
182
137
63
204
206
12
11
162
256
137
89
197
167
157
231
48
56
221
118
111
166
70
122
109
228
102
250
90
134
143
200
90
129
200
99
136
157
79
155
193
87
48
87
93
183
62
25
77
192
1
151
218
5
148
67
216
169
75
122
141
120
131
198
157
123
200
190
24
239
210
252
7
114
202
222
58
99
157
54
61
182
207
12
161
224
56
105
217
101
7
207
30
101
70
252
116
202
236
173
152
95
168
103
140
199
70
180
40
98
199
67
245
6
149
35
133
127
116
81
177
227
139
103
256
43
170
126
14
39
209
169
233
155
125
231
258
84
134
43
47
127
101
181
155
177
12
11
46
96
203
81
162
214
89
231
74
30
15
110
122
76
79
85
170
85
257
183
120
253
209
117
32
119
215
170
33
81
219
198
132
97
179
22
164
215
175
234
166
69
15
85
115
215
212
177
45
164
115
21
58
92
127
61
79
51
201
164
49
242
173
16
100
181
224
76
213
253
160
96
70
41
54
139
217
65
211
213
198
76
14
242
94
33
116
7
167
119
203
106
190
42
51
229
1
105
98
222
152
79
86
17
205
2
253
133
149
246
79
179
42
209
191
50
111
253
47
0
24
230
56
111
65
162
226
223
68
25
46
188
238
195
10
36
251
210
96
193
108
62
153
159
212
222
173
110
150
9
92
236
122
128
190
147
130
249
57
209
50
32
133
51
49
255
143
32
190
10
69
1
224
121
175
168
247
118
23
37
131
73
218
201
29
162
88
247
50
122
259
155
107
93
33
107
112
103
11
258
17
74
30
24
259
79
55
252
122
174
196
161
83
39
180
5
14
141
232
12
121
232
11
60
165
10
109
123
227
68
232
137
82
26
176
16
45
117
259
85
96
150
225
134
186
5
240
108
209
111
0
97
88
59
249
204
200
191
7
203
236
109
231
21
73
97
82
217
8
147
124
14
258
63
245
17
212
27
29
10
49
250
123
142
30
43
6
225
23
195
221
107
121
31
254
209
173
20
98
127
18
251
204
247
252
222
116
135
178
239
176
9
27
187
228
38
218
235
120
45
29
201
98
31
113
200
91
22
13
227
76
236
144
210
166
39
6
98
194
25
124
61
49
32
58
151
133
0
203
151
172
101
164
130
94
192
77
153
161
12
10
258
155
125
211
176
207
177
56
250
106
118
116
5
255
128
50
221
202
67
230
24
117
181
135
140
193
255
230
47
198
148
192
206
23
227
142
179
166
178
175
116
41
49
59
173
224
196
250
187
107
199
116
14
76
141
21
206
136
133
168
9
207
116
64
151
151
144
55
12
198
168
81
116
96
250
39
170
227
214
221
166
119
180
208
234
26
177
185
30
74
145
174
99
195
186
47
14
237
165
90
250
39
46
236
141
81
157
200
186
181
48
102
122
110
241
66
35
28
1
193
220
93
152
4
38
86
170
119
219
141
167
113
32
40
223
41
196
206
128
248
200
55
86
238
14
0
136
139
170
33
2
221
37
121
131
125
156
8
65
135
82
143
253
68
63
166
236
121
251
98
65
81
112
234
132
57
6
25
167
39
224
100
5
35
121
139
10
146
237
157
174
15
78
30
6
47
253
176
35
160
216
21
44
95
18
186
110
41
180
36
48
153
237
18
10
37
257
56
202
82
191
124
169
219
24
78
68
241
51
146
219
140
59
155
202
96
181
117
148
40
223
68
110
15
64
109
81
27
58
259
199
49
227
77
185
38
148
140
167
11
167
156
39
21
71
84
91
143
122
244
80
180
145
93
229
64
90
10
184
159
204
195
152
252
6
10
19
205
258
165
77
156
69
40
6
131
195
213
252
111
20
49
50
38
46
211
115
237
12
186
26
106
43
108
245
148
146
86
118
102
39
244
90
67
102
32
122
63
115
167
46
99
215
178
195
238
108
216
7
45
230
163
6
67
111
149
156
80
154
4
108
36
245
102
243
30
81
252
138
17
52
31
0
80
59
114
105
66
222
113
246
147
98
212
117
14
159
112
208
242
238
207
115
111
19
101
230
256
234
203
193
182
89
219
207
6
78
30
47
98
92
209
90
0
55
172
100
66
48
71
23
248
43
59
239
21
70
2
187
247
184
208
51
187
70
124
214
58
188
187
225
35
47
78
92
238
242
106
183
259
8
5
170
132
71
115
152
93
59
14
19
197
46
58
112
68
211
114
131
68
26
15
135
191
168
123
98
81
208
89
211
54
64
23
82
183
12
106
211
214
82
15
49
28
234
67
135
168
227
233
75
31
23
88
57
40
160
48
74
158
210
249
124
65
29
137
223
152
231
137
147
83
150
90
157
30
226
134
167
256
147
186
242
224
206
239
190
253
242
249
233
174
160
90
37
144
167
113
114
195
66
58
256
202
104
233
89
150
221
185
132
239
184
228
236
146
104
66
39
94
12
146
124
69
14
169
10
27
142
72
65
98
83
145
8
102
124
5
27
114
211
213
215
7
77
124
211
221
158
194
49
214
24
47
9
82
97
215
54
180
173
251
154
225
36
3
55
169
150
104
193
129
238
147
146
224
90
180
53
155
21
17
176
35
119
4
17
185
22
76
40
89
214
200
75
52
93
115
212
0
80
156
182
152
181
173
27
151
240
178
38
128
74
45
108
93
69
257
222
131
256
249
164
10
239
52
43
82
9
87
32
169
158
227
246
178
135
133
27
19
68
31
132
97
193
44
82
152
155
145
224
168
252
177
28
104
230
56
28
199
188
175
100
119
87
135
49
49
9
11
189
190
195
50
53
253
73
186
50
237
53
50
55
130
166
183
7
179
171
4
197
78
194
187
221
49
41
173
254
203
114
15
150
135
214
160
46
156
196
163
55
167
31
186
89
11
102
93
225
131
183
214
80
179
22
107
196
87
232
188
38
160
93
162
59
196
256
218
4
187
221
49
2
197
136
20
74
17
149
41
233
11
98
115
219
239
195
35
41
21
100
90
231
254
108
163
17
146
140
192
177
220
196
148
63
72
149
48
18
136
180
71
39
130
148
24
177
3
219
39
112
255
75
255
235
30
84
217
152
94
128
45
109
183
189
117
243
134
11
162
198
30
91
47
238
215
250
92
244
129
202
182
77
218
147
11
250
9
230
225
59
210
31
217
43
244
136
233
44
20
140
43
247
98
53
209
259
118
31
201
96
257
5
171
17
242
74
106
176
183
157
38
144
61
169
239
53
2
124
40
131
140
222
115
113
2
139
171
182
227
168
144
227
168
35
7
139
217
223
67
252
136
86
25
72
137
19
247
4
22
13
179
42
158
213
250
227
232
258
32
32
199
200
173
50
71
71
151
248
167
7
1
125
51
38
248
5
119
178
75
129
64
70
105
162
84
232
230
54
40
246
176
251
113
19
134
40
213
224
165
138
49
209
232
118
252
224
176
208
255
54
1
23
245
19
117
130
230
85
255
176
58
28
126
12
147
140
8
1
72
86
180
203
210
202
56
95
8
214
250
224
154
1
224
42
87
184
60
194
167
43
74
7
33
84
79
178
157
208
66
238
37
45
175
119
236
150
59
29
55
47
64
233
204
81
107
194
214
148
242
218
24
53
223
83
138
81
85
125
10
87
210
227
107
110
208
76
11
206
223
81
145
228
19
119
211
28
209
68
198
56
214
25
11
76
50
11
91
101
244
135
146
234
182
112
87
77
91
2
256
185
232
38
187
217
20
82
223
232
130
186
226
55
218
231
241
183
116
144
32
23
258
187
112
42
69
58
174
93
115
213
115
90
99
185
34
17
169
237
28
87
166
202
112
208
237
63
127
162
53
22
17
161
38
167
66
161
198
93
147
188
155
177
35
24
74
149
87
144
26
54
163
45
241
76
234
98
59
160
175
64
113
24
9
29
59
93
209
90
53
100
134
149
124
188
156
242
75
27
211
239
79
227
50
237
78
195
235
167
145
140
177
104
256
101
149
46
154
209
110
55
6
196
19
206
220
13
102
94
44
238
191
107
127
107
16
46
179
9
59
126
83
84
198
147
147
210
99
143
4
141
160
159
199
52
16
61
178
190
26
175
157
206
100
72
248
202
43
127
125
23
183
176
243
145
128
128
234
255
203
12
213
252
191
136
56
157
130
72
15
152
251
92
212
4
1
15
102
252
150
128
255
14
65
28
57
115
50
257
45
143
213
68
223
225
116
61
82
170
135
180
185
254
233
34
124
137
254
149
235
255
81
107
9
209
46
42
111
151
129
107
60
1
207
172
64
38
164
208
87
200
143
147
6
200
159
28
153
128
111
111
64
22
33
172
209
18
215
56
199
72
85
109
196
245
167
88
44
72
206
22
156
112
227
207
110
105
254
218
87
44
69
82
6
79
92
80
206
121
217
155
73
144
216
183
26
214
172
132
118
222
160
195
147
23
96
66
232
163
56
259
188
1
232
207
195
222
143
192
63
198
125
109
119
24
198
38
177
116
154
226
208
58
218
71
219
17
239
190
159
86
163
90
28
158
54
113
247
70
95
107
76
177
90
28
226
170
148
48
80
48
208
133
130
145
215
109
226
133
64
223
205
191
115
245
48
120
54
17
199
103
143
56
96
123
176
73
66
225
255
97
211
232
112
200
130
41
192
250
44
112
130
92
54
100
85
179
60
71
107
39
184
106
135
22
197
53
238
3
159
241
19
5
75
84
62
113
56
26
148
98
24
131
43
125
40
29
141
89
188
100
231
162
167
98
42
70
182
66
235
151
107
80
130
235
167
88
24
134
182
46
135
208
209
139
253
124
156
57
83
3
225
221
169
52
30
247
185
97
70
259
81
235
254
190
80
173
60
224
161
40
215
70
189
16
106
98
106
172
27
173
236
227
54
107
102
83
23
139
186
89
133
92
137
254
210
119
254
133
219
103
33
90
210
54
243
103
136
178
225
9
87
210
82
7
93
163
98
159
48
111
218
100
175
85
143
200
67
186
125
73
192
39
204
236
197
227
83
255
102
54
135
102
10
77
122
183
146
80
15
62
95
129
131
231
230
53
107
157
192
4
170
87
14
163
245
241
253
31
79
158
224
199
193
23
43
132
36
148
149
17
177
92
57
191
165
192
10
45
58
173
96
35
156
174
68
17
172
58
140
121
133
51
115
122
66
140
194
185
184
121
36
246
210
10
10
24
74
103
11
170
68
24
39
208
256
27
40
71
123
34
98
225
83
197
104
238
126
160
144
116
111
179
247
96
224
80
191
132
196
65
37
188
116
77
136
193
110
13
106
140
97
145
174
68
129
186
43
99
121
238
102
256
78
230
181
31
103
49
105
91
205
228
126
63
65
127
189
142
115
0
217
234
62
103
80
141
205
40
252
160
94
249
197
218
116
201
58
91
216
10
95
14
198
165
127
164
26
231
230
250
258
169
5
200
178
45
196
89
230
134
8
174
206
180
105
34
42
99
78
1
240
190
94
25
61
224
212
93
95
38
122
29
42
159
155
249
172
149
38
45
87
179
44
138
169
71
125
98
56
84
126
85
248
30
115
236
48
153
149
219
218
78
253
139
94
140
173
60
203
128
230
171
109
233
127
120
36
119
245
219
31
58
122
34
223
105
71
159
123
241
36
225
208
61
165
176
51
144
202
72
99
235
168
84
134
20
256
104
136
242
167
26
66
25
1
181
12
188
21
71
131
158
252
129
161
6
101
37
150
219
182
230
219
33
116
50
7
124
254
60
232
163
72
228
144
180
148
1
122
80
75
229
98
60
247
93
192
210
117
144
30
163
49
141
240
22
109
254
38
36
112
70
231
32
237
123
44
197
108
37
25
42
129
102
150
144
54
176
213
178
185
250
144
147
152
164
86
206
22
117
52
163
86
108
18
125
128
221
87
60
172
132
203
154
217
239
22
55
187
173
81
209
244
73
155
17
37
223
240
166
203
234
213
189
214
158
177
254
246
246
239
106
48
48
121
136
217
205
196
122
84
219
86
193
230
119
219
201
105
144
221
74
172
132
222
219
140
90
88
124
86
134
146
0
178
22
52
124
58
149
170
221
108
179
73
114
148
224
128
147
175
76
66
114
130
232
5
66
74
27
25
211
228
7
143
258
31
27
147
63
258
115
218
83
109
168
156
126
164
31
57
27
198
104
11
189
68
4
192
11
229
259
245
80
26
11
81
171
76
215
8
171
237
142
56
259
210
50
201
87
247
111
169
15
106
109
38
74
146
131
198
224
108
174
156
144
124
209
69
123
13
20
80
251
16
6
104
101
123
188
2
152
199
9
44
69
169
95
149
229
23
246
73
257
93
120
163
243
120
28
174
220
118
72
28
11
242
137
79
115
101
112
255
207
123
160
117
228
38
197
251
106
138
142
58
124
64
142
18
91
95
114
126
105
197
61
3
10
122
125
54
222
189
50
22
134
250
50
238
172
41
173
248
149
8
198
99
69
148
102
193
256
102
145
100
218
223
224
194
178
55
92
150
229
174
233
100
48
225
65
184
83
209
13
74
48
251
103
145
25
44
54
250
63
85
253
5
242
168
72
185
210
131
128
169
104
49
28
255
230
100
184
169
9
248
165
45
106
192
9
193
134
27
87
114
64
245
128
11
175
10
67
121
12
244
62
5
43
73
247
241
63
235
226
188
78
25
18
149
180
198
233
7
77
235
74
127
14
66
34
53
97
189
17
147
114
259
219
117
146
116
134
27
42
202
188
205
100
5
80
1
96
160
44
253
13
235
87
169
242
224
222
203
168
22
114
225
35
122
65
112
15
78
26
99
189
85
186
161
137
14
170
107
2
111
256
208
116
148
59
179
214
153
137
30
249
80
162
155
107
169
100
125
38
117
174
73
239
193
212
217
98
134
105
90
19
101
213
19
88
143
237
192
119
72
166
229
155
159
199
75
102
145
228
3
16
93
210
35
74
222
36
228
24
85
225
61
236
225
110
139
141
180
127
187
61
17
96
8
150
37
44
203
59
188
181
201
190
30
151
68
26
189
100
36
200
137
23
246
230
19
75
140
59
1
109
251
214
70
56
29
128
235
251
250
227
39
210
0
205
239
129
32
1
72
256
257
8
174
204
217
27
90
101
206
138
201
2
6
186
10
206
189
142
19
141
3
182
113
221
116
95
140
155
46
189
78
162
129
149
20
123
212
41
162
83
55
22
218
81
140
81
191
121
232
42
186
6
201
253
196
83
22
236
206
217
134
134
119
150
246
88
124
214
113
180
205
48
87
197
195
117
108
62
12
210
180
35
88
87
147
11
85
217
145
114
5
153
114
230
39
27
124
53
241
102
197
113
67
16
181
257
55
135
6
257
132
91
51
234
208
10
123
48
8
67
230
131
212
24
253
39
153
66
20
240
150
37
248
119
80
246
78
205
10
81
86
184
249
119
192
218
259
129
124
159
174
202
208
221
229
210
248
113
202
64
95
239
178
7
223
98
78
38
248
106
43
148
28
93
70
132
229
15
26
214
99
205
145
120
207
175
121
145
166
192
243
188
238
23
181
231
79
95
78
243
245
197
211
41
2
7
158
25
166
211
0
55
155
164
76
179
61
88
29
76
247
220
202
215
242
146
84
164
126
145
189
56
51
72
45
88
246
100
41
26
177
227
61
57
160
68
173
122
72
28
170
73
147
244
247
182
121
21
41
155
148
131
7
30
9
7
225
70
187
127
105
130
194
195
229
142
163
56
150
182
135
94
238
154
196
108
49
224
19
229
207
170
39
192
157
139
157
31
208
12
234
29
122
67
227
211
189
74
208
10
58
38
59
216
237
247
110
239
7
139
215
132
33
168
126
186
0
18
88
164
246
53
236
198
10
158
257
143
123
91
121
200
200
155
108
95
36
109
97
122
218
89
98
154
218
185
41
156
138
78
194
121
146
61
147
112
131
61
3
118
5
27
245
160
32
126
20
164
82
94
68
226
23
18
107
13
101
134
60
48
216
191
92
8
98
189
110
66
102
73
169
143
1
239
172
169
174
153
97
76
86
75
43
30
135
111
70
253
193
76
133
46
5
137
17
190
156
75
185
108
256
53
242
3
131
49
115
59
128
224
122
49
182
102
237
150
228
20
182
120
152
190
206
138
88
28
255
215
252
1
157
66
182
228
17
185
131
212
51
227
71
89
55
190
186
151
135
225
107
169
46
108
205
72
55
65
49
244
22
163
108
6
23
67
166
112
214
113
165
82
99
51
118
184
65
111
93
230
187
66
92
257
245
257
214
42
16
63
32
128
116
243
44
177
67
250
0
245
182
152
54
58
228
251
15
133
211
40
135
221
193
181
39
197
150
251
125
228
105
52
187
44
251
52
138
138
57
235
253
171
51
140
232
27
101
84
115
26
259
11
84
44
183
178
226
165
70
197
192
120
185
60
38
102
230
77
100
180
81
48
139
49
145
259
205
38
89
38
189
188
1
94
208
202
256
93
20
150
16
230
190
188
48
252
210
138
235
191
106
259
232
53
151
86
183
1
108
198
157
66
179
42
181
205
156
3
99
37
240
167
120
250
199
191
164
40
6
200
244
26
80
62
91
176
188
103
40
210
226
255
114
81
68
57
155
197
76
77
121
56
160
236
6
190
196
118
177
190
189
169
201
171
109
150
136
78
97
72
17
235
33
50
22
14
169
119
87
18
191
102
23
83
23
4
194
206
164
5
170
40
199
8
7
218
230
233
67
78
179
192
61
112
176
156
171
52
93
154
96
225
69
188
251
203
75
11
248
107
158
121
91
215
232
185
165
186
68
89
196
201
93
156
38
63
191
40
169
224
29
170
199
97
89
135
190
153
49
22
97
163
54
121
212
42
191
185
149
135
99
32
14
76
0
50
257
236
243
121
80
76
233
132
258
162
236
139
71
159
246
53
198
3
235
51
99
94
163
56
224
146
202
234
137
200
191
114
231
149
133
240
98
142
173
9
252
247
201
114
44
176
52
134
102
209
135
9
152
205
203
167
67
83
44
250
35
174
176
59
148
32
72
3
27
101
218
58
48
236
121
104
227
45
94
101
87
99
58
15
182
94
156
182
44
54
59
53
