79
82
16
18
234
153
175
158
247
64
130
88
112
46
45
28
95
255
197
218
149
205
13
227
11
206
177
183
189
132
202
30
199
208
187
83
1
180
43
11
106
161
147
101
180
57
253
72
147
255
146
178
152
232
23
179
112
31
5
192
218
33
91
167
146
182
255
143
111
196
22
226
173
233
53
109
127
72
32
126
168
21
254
19
249
142
219
35
162
38
2
131
44
95
183
231
251
154
19
253
74
203
175
145
207
78
146
253
112
64
140
37
89
139
185
149
179
73
90
41
4
97
139
253
226
16
110
108
256
132
224
65
177
100
92
243
70
211
227
160
126
231
122
6
13
203
236
204
147
29
246
85
74
221
144
101
67
46
148
256
58
241
177
11
55
166
196
221
186
38
200
35
161
191
114
64
22
250
146
106
200
13
124
195
9
161
138
118
73
91
86
130
230
163
198
182
98
63
250
212
164
158
203
91
84
241
87
90
184
210
171
33
118
39
139
112
206
195
220
106
93
194
21
219
67
190
115
22
144
52
100
188
222
180
126
103
168
33
102
224
243
241
133
43
218
106
201
68
172
17
225
152
203
84
9
195
81
45
70
122
68
105
185
252
21
145
39
66
196
8
115
109
106
233
62
59
109
35
182
76
48
10
98
181
2
146
174
107
221
142
168
236
226
258
69
210
205
59
161
151
15
236
0
51
140
11
136
131
127
52
157
24
117
46
124
94
92
244
19
129
113
250
39
154
111
93
94
119
203
10
190
242
196
108
101
203
125
107
56
8
166
0
212
94
203
222
79
160
244
167
20
194
228
113
206
45
211
129
237
197
86
96
4
226
56
83
4
85
147
10
176
221
79
59
190
11
95
113
5
192
67
4
193
257
64
34
94
152
227
74
220
137
57
109
109
25
27
246
53
27
105
141
39
240
97
210
182
48
233
195
185
257
58
225
140
84
93
157
169
13
252
77
10
141
252
235
95
224
16
109
135
131
26
70
39
39
210
18
253
51
84
166
87
100
247
152
40
129
233
244
93
61
102
71
225
38
175
21
33
170
25
61
74
227
57
209
179
125
19
152
244
117
249
125
178
155
92
227
237
151
14
218
258
82
222
165
247
112
74
208
206
43
202
86
113
95
234
144
37
16
135
233
40
57
30
183
216
132
50
99
231
229
95
248
20
42
30
187
205
99
128
105
110
83
25
182
48
107
46
176
110
150
235
94
47
70
61
181
166
210
91
49
82
129
107
166
4
178
160
176
7
244
40
17
1
232
157
12
153
0
40
248
205
197
117
250
207
77
29
38
67
249
187
57
84
165
197
52
252
14
246
123
99
213
173
155
179
43
84
64
138
246
10
58
143
18
83
204
92
1
233
188
87
107
56
228
125
161
250
21
46
118
213
196
95
0
210
159
122
122
163
210
174
99
24
112
92
129
53
177
158
155
46
128
203
17
171
111
182
114
143
230
107
34
35
3
177
26
229
101
176
244
179
169
61
232
228
190
173
93
211
248
13
107
243
230
25
191
69
258
101
127
63
204
153
42
122
55
148
101
198
74
108
10
161
19
176
90
160
52
153
104
200
256
176
196
219
251
182
50
8
245
199
151
83
137
10
119
147
15
206
198
209
38
225
86
157
245
31
135
49
161
25
208
161
22
203
239
96
25
62
15
92
64
187
153
215
16
211
126
85
242
62
196
43
209
154
127
198
87
74
232
236
95
133
103
60
134
238
149
259
108
198
74
79
17
134
67
47
28
249
259
40
112
184
63
205
104
148
119
136
248
28
87
57
256
13
76
122
113
16
201
106
151
44
72
134
3
74
243
38
106
62
209
56
33
36
259
38
232
169
160
19
205
73
115
234
199
254
189
60
154
49
224
88
13
2
95
5
208
166
259
13
154
50
199
3
32
255
253
60
31
115
239
254
169
43
240
110
18
15
167
156
170
61
214
121
16
90
79
178
82
196
106
49
210
253
241
16
152
24
235
18
9
116
166
9
196
222
96
176
18
242
223
52
189
142
58
253
131
197
70
181
15
51
150
53
195
42
209
209
115
239
99
212
106
170
210
218
12
243
255
99
99
84
182
9
168
59
150
5
34
78
212
259
60
205
211
187
72
86
110
180
216
24
231
234
248
181
188
129
124
119
158
64
245
123
222
169
88
171
22
254
81
78
104
135
140
171
252
146
58
30
189
2
10
176
253
150
37
101
244
42
9
56
246
140
132
141
37
232
148
208
141
211
95
120
82
252
225
112
23
257
10
8
228
142
177
119
188
