68
284
221
63
30
258
19
280
167
120
228
193
243
196
139
38
147
275
169
69
184
172
107
98
134
71
143
76
71
101
57
85
170
198
249
274
258
139
136
256
99
105
241
153
145
272
253
270
116
162
149
220
176
253
231
209
140
148
104
148
93
142
114
47
183
250
130
107
215
166
179
41
65
139
85
256
72
64
76
161
281
282
254
136
19
67
154
74
248
231
151
69
4
127
176
53
43
18
80
120
10
206
258
2
232
40
108
64
174
135
3
37
82
189
45
77
0
69
206
130
76
123
70
254
164
37
211
71
138
257
78
53
139
116
20
229
114
70
56
212
224
240
211
197
155
175
59
157
196
133
138
46
143
171
124
221
137
125
108
159
247
245
37
117
142
60
162
216
144
198
228
148
250
65
68
245
4
3
273
122
152
152
46
102
145
4
173
181
60
87
196
106
198
108
73
158
98
127
158
175
124
277
278
33
107
124
64
41
60
241
1
184
62
202
244
129
131
134
107
182
56
106
95
175
58
227
12
242
275
272
231
208
66
198
258
81
87
105
139
37
236
24
277
51
155
38
202
152
268
124
188
184
165
231
124
69
198
134
167
7
178
150
11
221
219
153
251
137
215
32
260
100
232
272
150
104
236
201
0
70
239
247
16
272
257
48
137
94
140
62
119
250
284
30
190
48
52
114
0
251
89
245
139
165
128
174
121
182
170
259
125
141
94
59
231
182
82
273
123
273
122
134
23
47
254
263
19
53
48
138
149
200
194
51
194
3
108
35
272
207
69
226
201
174
101
136
41
165
73
112
73
69
15
3
74
105
192
170
18
214
55
274
114
130
122
18
174
114
257
234
151
135
266
19
10
266
200
13
30
232
262
158
240
114
281
159
230
31
16
190
186
144
155
242
5
194
24
212
141
203
268
178
107
228
277
256
237
249
69
193
9
126
219
163
106
128
126
267
162
93
188
36
18
164
228
23
270
204
226
61
241
149
5
51
270
8
185
132
63
149
119
115
116
130
124
245
229
118
101
109
273
55
114
203
40
256
226
125
135
77
106
64
239
192
133
163
148
34
202
198
189
110
18
78
187
40
125
271
109
225
120
253
46
115
151
235
213
242
51
163
36
34
186
216
208
229
168
35
184
142
161
203
13
96
226
166
230
11
270
85
193
44
33
100
230
173
58
232
51
134
148
273
218
188
37
280
242
9
18
175
92
258
59
70
172
244
223
26
246
183
265
215
40
122
188
82
53
262
224
175
80
176
111
179
17
187
92
15
97
138
4
186
211
233
75
31
240
51
85
204
11
165
106
125
131
106
173
217
110
139
101
278
67
241
230
218
236
67
84
40
183
189
230
200
76
23
88
131
204
201
193
267
37
274
245
226
193
73
200
256
30
204
230
250
280
222
173
197
215
277
172
163
135
81
241
120
53
95
211
193
138
151
65
29
251
3
169
260
168
154
80
153
220
110
245
249
115
61
239
13
148
254
69
160
205
0
23
215
175
161
116
46
110
115
86
216
269
137
261
141
272
69
85
241
59
185
281
102
251
208
139
243
79
53
216
210
260
38
50
128
165
123
70
211
88
281
57
1
155
112
227
175
81
273
37
283
35
219
279
158
51
146
184
191
25
48
216
65
17
214
241
23
271
170
140
223
107
15
256
213
155
11
68
90
113
240
215
157
218
91
212
211
228
50
92
89
240
238
49
21
65
49
75
169
193
222
134
178
193
256
63
85
29
71
177
77
120
153
22
61
175
124
281
183
156
148
137
47
91
36
38
42
61
145
45
248
126
8
96
120
279
236
160
243
130
148
160
116
193
124
40
138
27
121
5
52
95
166
192
110
2
193
255
183
247
188
96
236
87
112
123
260
131
113
165
37
108
209
75
207
138
145
89
89
207
275
65
270
174
103
234
187
47
234
130
203
9
14
96
98
69
98
198
257
153
185
47
284
159
31
48
249
24
40
120
158
272
117
44
60
153
126
77
275
36
33
265
130
59
111
42
266
173
262
198
90
182
160
34
39
278
70
95
217
46
165
106
250
178
66
187
133
40
204
176
170
86
268
200
153
155
191
165
181
30
105
112
130
283
149
6
115
41
66
206
167
197
140
161
64
276
95
30
272
97
17
195
45
122
67
282
189
172
124
67
8
122
164
38
127
184
148
94
54
27
4
28
50
267
62
63
65
146
52
202
92
72
165
129
48
276
138
71
258
205
197
3
151
119
174
159
176
236
235
7
103
98
131
151
43
189
183
92
149
270
212
116
83
1
195
169
279
130
243
279
279
244
281
280
241
234
61
32
31
213
118
257
274
5
45
201
240
22
12
143
253
189
201
104
52
56
123
82
127
201
204
272
60
23
90
29
236
20
265
59
247
68
242
49
151
256
66
88
163
39
0
128
90
33
132
125
136
38
72
79
20
195
193
202
142
158
127
86
119
79
154
81
279
36
195
121
249
221
12
157
252
115
240
106
99
23
183
192
10
119
147
77
69
129
224
202
250
34
55
7
146
148
186
196
169
193
48
152
57
244
128
36
82
156
127
154
45
273
18
278
42
236
91
144
262
191
70
251
190
167
25
48
113
28
130
98
269
267
115
239
64
261
87
255
153
113
19
107
18
31
91
112
74
25
89
51
6
99
41
122
229
170
126
120
141
101
255
258
207
197
45
113
221
275
259
277
199
174
250
4
233
165
179
141
187
112
140
140
69
178
64
127
110
13
271
109
67
135
22
27
274
149
128
48
93
151
203
73
171
239
61
34
149
71
236
196
65
213
232
190
266
1
178
184
201
56
87
257
131
159
248
275
273
91
105
258
88
204
168
171
177
125
78
220
143
235
85
137
134
76
253
192
7
211
253
241
143
270
154
144
211
262
189
102
189
35
202
52
46
206
153
102
26
175
190
68
277
140
269
88
118
281
66
255
213
39
134
159
137
23
128
188
161
130
149
246
251
140
243
105
64
223
269
184
76
9
207
60
162
216
189
199
27
247
250
182
6
192
154
251
204
133
232
221
84
157
34
181
12
119
268
203
111
44
206
65
47
253
154
229
124
14
255
224
278
217
33
169
249
13
68
40
20
69
118
265
144
123
120
108
65
129
140
27
83
169
256
75
28
40
175
43
49
91
120
118
31
43
233
44
260
225
198
58
194
62
180
85
4
143
52
144
36
163
282
94
81
27
262
241
22
156
122
12
152
225
244
138
116
76
252
242
180
158
263
261
165
216
175
258
232
20
182
2
87
143
257
215
193
156
205
226
123
118
262
43
215
275
261
114
134
212
242
240
157
166
122
272
49
106
272
69
109
109
87
81
249
231
181
224
124
42
229
200
150
146
138
74
96
196
186
53
159
88
121
98
167
149
205
228
140
190
175
177
36
70
281
268
190
65
121
249
186
202
43
230
156
253
57
104
208
136
185
252
177
92
122
236
89
66
12
3
154
226
145
160
74
36
230
150
148
129
283
223
57
140
277
84
203
95
92
109
130
3
166
71
214
54
236
276
222
30
208
146
40
264
112
61
238
46
230
207
46
241
59
48
31
233
110
26
87
127
99
110
152
137
172
269
88
212
26
0
126
239
63
30
112
165
123
107
49
41
274
154
209
108
160
77
174
24
139
41
208
246
201
263
216
33
108
49
99
245
218
204
254
90
24
270
226
141
93
231
86
208
195
37
163
204
75
180
139
22
277
261
246
151
148
238
267
98
4
124
178
265
194
258
137
220
89
280
64
215
137
16
269
93
143
156
49
67
62
7
115
164
145
13
4
75
0
154
21
260
179
187
89
125
55
129
160
44
186
100
98
8
168
75
231
276
216
177
98
219
260
236
190
205
182
117
87
121
240
221
284
89
265
255
26
33
238
145
113
222
179
76
274
265
90
92
51
283
63
260
76
226
58
257
242
166
174
25
103
131
221
54
106
279
153
104
38
188
162
121
48
95
265
87
241
235
91
89
53
188
157
93
227
83
99
280
259
44
262
188
252
117
64
69
268
85
6
112
230
217
88
167
149
102
128
168
179
195
263
37
242
25
30
130
23
246
166
156
210
117
236
280
170
61
160
126
250
283
184
189
109
48
137
171
250
49
94
122
64
258
44
61
161
50
58
168
256
187
220
120
132
103
98
105
166
43
110
237
24
225
127
55
4
141
194
219
230
189
199
108
167
279
68
47
241
112
159
7
2
158
15
260
169
263
112
46
53
200
51
214
221
283
157
11
34
51
167
183
271
79
211
209
16
114
279
151
266
34
43
273
130
133
206
90
179
136
201
67
224
126
98
89
231
227
158
99
71
126
75
190
193
14
171
79
6
31
279
101
155
120
26
67
24
76
93
184
204
138
129
279
164
83
41
47
155
158
135
168
141
188
232
26
102
160
179
77
192
50
250
70
15
263
217
3
60
202
122
36
250
62
51
107
51
159
61
261
247
121
125
52
154
279
169
43
3
182
129
134
119
64
207
179
190
171
258
75
196
108
179
35
96
177
19
19
95
84
188
37
20
222
32
217
147
41
54
251
263
232
230
284
0
45
123
250
278
115
47
192
209
39
143
99
202
211
3
194
8
220
262
88
49
228
89
137
137
141
187
141
161
177
20
37
144
12
142
122
133
188
65
177
19
214
121
253
256
26
254
274
176
254
163
278
149
260
71
115
257
127
3
192
65
91
110
270
20
115
212
237
155
205
16
221
194
218
163
21
263
200
272
90
241
26
117
101
219
76
177
237
36
90
265
20
85
65
106
59
41
102
251
30
36
52
268
103
281
114
262
68
143
233
14
280
171
46
20
6
154
59
58
145
172
146
150
66
193
137
252
157
30
177
282
24
83
278
122
180
10
229
255
102
275
218
269
81
30
106
217
2
83
64
168
184
172
154
101
226
85
185
60
177
25
233
12
118
128
197
226
6
188
123
276
142
277
242
115
229
7
111
239
254
19
178
105
133
155
44
233
282
250
183
228
208
145
179
178
232
53
132
53
204
96
3
268
111
98
184
261
261
54
273
239
181
152
8
209
207
5
68
82
213
90
183
265
103
77
20
58
224
67
241
221
53
21
237
12
126
189
71
192
99
244
23
61
226
168
31
15
241
162
57
105
138
48
111
212
17
124
105
134
271
203
18
281
15
66
135
274
247
63
187
242
211
137
262
220
222
58
32
66
171
39
154
157
144
155
256
208
104
70
278
157
81
85
122
52
281
225
40
33
81
163
127
224
231
212
155
172
282
109
206
21
179
105
23
224
6
113
165
165
158
3
66
275
70
151
170
270
92
6
168
224
122
66
274
209
43
176
3
180
16
200
190
224
37
22
25
229
142
83
175
136
251
111
167
182
74
65
138
112
253
128
259
25
265
191
44
138
253
152
217
54
121
168
260
227
25
188
175
99
281
48
260
188
249
17
243
117
108
245
81
281
194
92
35
148
278
128
169
85
192
154
52
85
152
110
106
197
174
122
36
198
200
239
128
121
62
231
266
135
10
147
242
77
38
276
227
17
202
115
244
197
160
277
182
102
29
131
271
149
149
124
226
221
42
255
22
132
185
276
263
99
277
169
281
112
145
227
69
146
132
225
198
240
137
91
137
212
38
175
105
166
116
135
5
247
255
171
108
9
122
167
223
228
268
151
79
202
7
141
131
227
62
56
104
199
4
10
224
5
275
166
233
12
241
24
107
276
144
113
204
263
260
134
3
26
237
54
212
1
153
80
244
35
213
165
227
45
172
198
226
269
148
50
16
139
63
259
188
152
247
81
65
206
227
14
44
151
112
19
109
178
143
174
114
51
74
236
176
183
102
156
130
237
48
212
66
239
170
213
73
172
177
95
266
170
278
220
84
71
119
83
46
14
170
193
150
224
162
258
101
14
193
17
82
269
269
203
15
207
263
182
275
185
150
185
166
78
272
201
250
196
246
42
244
63
135
165
190
60
33
207
148
82
273
53
12
61
40
231
53
63
20
117
18
169
278
167
21
187
47
260
65
131
162
63
73
36
193
196
220
61
191
71
88
106
168
128
11
24
153
33
241
247
123
196
209
89
53
39
114
152
151
206
227
159
2
31
253
179
245
248
160
49
3
282
264
264
239
235
130
215
240
252
275
141
76
46
196
281
120
19
258
274
96
7
75
247
58
13
93
180
239
9
206
6
276
209
189
143
112
136
211
187
8
65
120
168
54
221
74
74
13
56
163
13
46
174
156
56
230
249
42
192
104
39
52
193
208
68
21
221
177
0
167
270
89
61
74
130
161
138
165
200
191
105
110
24
68
134
255
135
216
106
25
71
240
154
199
271
211
201
236
47
3
24
13
33
248
132
30
208
140
39
172
234
254
134
206
169
116
183
194
251
156
26
132
184
272
125
13
30
61
201
136
246
201
249
172
74
22
227
76
64
166
112
268
126
255
177
151
201
279
101
126
263
171
136
145
9
214
151
151
140
216
112
106
229
146
6
267
240
84
111
166
127
36
7
5
24
282
159
214
165
176
82
244
258
52
145
218
173
164
137
124
257
145
30
182
121
107
41
222
79
168
206
250
217
170
119
121
249
137
14
280
119
40
259
192
92
48
70
264
143
164
36
179
192
216
227
87
41
146
242
78
59
25
126
223
230
129
88
9
251
31
266
103
14
56
197
124
242
109
156
13
48
13
249
120
61
117
93
217
242
69
176
283
127
236
22
21
7
282
21
47
100
23
147
140
184
133
118
276
251
79
150
80
224
279
43
42
45
113
47
58
126
206
113
54
231
217
260
111
236
160
56
271
209
70
120
121
138
159
236
184
177
251
105
143
95
281
267
88
153
177
164
58
185
144
137
237
63
132
201
277
180
55
199
206
10
53
278
47
217
194
131
135
281
279
118
250
77
73
69
39
112
93
284
154
61
159
226
124
272
65
93
116
140
155
197
169
23
236
42
81
1
78
271
24
156
110
187
249
97
131
25
106
193
13
99
15
149
121
95
263
229
45
22
242
174
240
166
18
24
99
108
247
140
272
284
254
268
74
203
276
176
7
126
51
43
209
121
83
133
152
175
280
21
42
4
191
267
155
103
60
210
109
218
276
177
33
276
12
81
227
93
61
52
17
9
41
155
158
42
63
189
110
92
6
7
162
120
166
218
44
88
137
114
101
151
45
96
222
157
274
153
249
83
91
200
160
13
69
73
143
107
35
7
152
266
209
237
164
133
237
257
273
185
36
139
137
143
83
201
87
126
151
5
89
223
75
123
80
230
226
10
5
83
205
137
201
75
27
234
136
283
40
168
162
33
101
23
278
87
229
57
228
138
140
168
235
220
105
178
147
177
13
104
265
176
205
112
190
52
253
14
82
116
108
111
176
16
120
74
251
44
18
6
2
22
21
80
220
176
161
208
6
160
235
211
19
237
276
132
140
33
264
207
144
133
170
57
8
91
75
233
110
18
66
180
1
233
69
279
68
67
234
106
167
46
112
46
121
238
104
150
158
225
16
53
168
110
174
147
183
203
113
222
107
192
182
250
144
202
4
142
126
182
268
137
259
177
131
18
14
166
262
251
140
20
164
189
245
139
81
283
265
67
166
139
69
235
58
154
282
41
142
254
105
129
95
199
117
231
212
232
221
270
91
60
3
54
274
93
112
225
90
132
84
160
281
282
205
127
160
77
51
147
88
37
151
204
245
50
12
36
159
59
135
100
100
192
185
193
204
13
189
164
211
273
113
274
188
56
165
152
37
221
17
131
15
248
125
131
144
145
275
77
234
162
146
73
259
54
3
146
193
90
39
167
190
222
252
37
195
161
138
76
95
257
90
199
280
164
44
188
172
262
141
267
96
13
104
74
73
146
176
184
245
165
57
124
253
252
257
8
74
216
106
235
182
139
199
26
54
187
232
41
236
228
255
79
194
265
262
106
118
187
173
242
73
119
2
243
136
73
211
120
64
153
266
163
127
198
200
210
255
50
59
10
47
50
84
157
71
279
172
56
28
284
108
160
57
200
1
244
49
35
140
24
203
93
142
173
1
246
284
193
105
130
138
125
147
180
17
246
221
211
213
15
194
230
211
173
78
99
138
74
29
213
213
278
111
243
219
114
40
29
7
2
68
216
268
50
85
219
180
225
261
120
102
148
197
179
142
278
201
222
29
35
23
160
162
281
180
265
46
203
236
161
16
202
185
184
125
253
55
278
175
270
10
31
46
207
86
14
73
141
83
77
117
66
93
105
100
206
252
262
102
246
221
131
10
173
67
152
192
279
260
2
17
152
284
132
83
88
268
200
173
139
135
123
2
91
88
70
89
44
204
41
79
221
4
6
48
219
238
226
255
168
251
84
213
163
128
120
169
196
205
171
268
232
87
162
242
170
11
120
10
279
201
32
15
100
103
207
51
55
49
167
59
244
6
84
87
258
60
0
220
182
50
149
124
50
250
259
105
48
222
159
272
33
279
43
224
65
171
87
47
21
27
74
155
270
174
25
212
18
104
212
148
189
216
6
87
34
199
185
30
146
179
162
37
173
178
202
283
223
4
80
148
212
22
211
187
100
40
33
66
243
72
119
174
9
183
47
2
101
52
140
71
156
58
188
156
211
252
113
166
86
146
0
65
66
218
59
283
260
37
107
174
31
274
20
154
128
2
129
19
189
261
50
52
222
219
197
260
117
122
117
156
185
62
242
110
195
280
67
115
128
29
167
224
121
243
137
85
0
65
171
145
114
142
170
109
152
90
281
8
160
97
139
180
22
249
190
276
4
128
95
136
39
21
272
227
208
93
201
227
108
32
60
248
196
110
191
131
241
228
110
63
47
100
22
260
13
200
128
265
4
208
50
123
242
53
81
72
208
271
14
10
49
163
209
230
60
215
137
50
87
165
142
276
38
221
34
222
144
140
68
44
235
166
258
51
37
159
54
185
197
282
49
175
41
120
63
201
221
147
225
97
119
198
161
103
223
73
34
78
70
93
99
144
251
282
236
14
106
129
53
181
178
18
135
123
38
183
145
35
220
275
150
20
1
14
180
74
280
240
17
161
211
46
164
3
38
227
128
108
11
68
207
74
43
266
6
101
249
20
144
283
242
17
187
269
131
79
169
93
236
135
151
50
59
50
42
21
39
41
180
92
154
205
180
216
132
45
74
155
114
151
3
248
260
203
70
71
79
23
232
137
51
184
98
171
213
196
69
95
284
112
78
61
88
276
99
137
219
129
159
225
55
219
80
236
169
216
198
229
283
166
94
54
234
44
202
8
81
176
254
135
232
184
1
127
22
4
71
21
90
65
116
15
232
192
128
252
37
20
244
142
275
68
2
120
96
245
72
170
223
138
255
208
162
199
272
163
220
236
138
258
88
4
82
203
7
41
228
102
208
179
23
61
29
283
125
138
183
89
215
154
278
28
26
221
226
53
254
144
270
38
134
201
272
225
66
162
255
278
267
146
262
141
106
162
230
30
83
241
183
131
226
135
46
192
145
68
107
277
232
218
44
212
17
159
106
98
255
2
110
203
210
46
90
150
60
46
76
193
0
169
111
171
111
24
270
63
248
149
110
284
175
11
111
132
230
210
63
79
65
67
119
12
160
198
211
150
253
226
208
272
177
57
217
77
24
145
251
274
29
9
109
138
247
175
31
102
143
103
2
214
209
240
188
4
49
75
277
212
75
271
19
265
82
279
122
85
276
25
256
176
245
124
247
99
224
275
35
41
280
48
271
222
211
222
162
197
127
202
211
224
187
19
257
171
92
160
174
250
275
244
251
114
142
164
202
216
105
168
221
46
64
242
254
233
256
71
242
30
275
183
265
252
47
243
120
111
254
28
128
125
62
94
86
213
263
236
129
100
86
253
35
55
111
272
113
87
151
175
96
82
279
280
41
87
146
161
39
20
153
250
181
21
58
35
162
233
110
10
282
160
162
4
259
98
211
37
211
100
18
23
147
96
182
192
120
66
282
117
60
32
281
220
168
97
87
244
60
261
82
31
215
175
141
281
265
269
262
277
60
47
183
68
142
280
150
103
224
178
50
45
155
161
68
51
182
273
241
260
139
33
191
163
50
118
201
53
23
98
142
70
196
220
240
167
244
133
185
187
6
50
26
172
167
137
255
5
31
188
46
210
90
83
240
27
259
213
171
48
13
30
163
136
243
159
183
175
2
264
45
217
141
211
65
108
61
149
111
8
198
14
24
130
73
276
209
108
23
72
199
267
208
198
20
73
140
222
57
253
244
250
80
112
72
110
256
282
194
276
52
261
282
77
205
148
216
132
106
211
122
179
179
207
56
142
155
97
17
61
144
193
172
243
28
153
179
179
71
104
107
223
108
272
247
263
272
229
26
140
146
254
6
101
41
162
37
75
256
24
130
162
1
263
265
43
48
56
112
51
97
154
162
248
222
43
243
191
138
226
219
16
225
35
13
101
279
86
164
134
199
169
251
160
27
197
25
148
127
61
258
133
74
154
246
201
161
46
16
226
213
60
6
200
178
39
47
5
97
223
14
7
16
152
150
82
141
3
7
36
49
238
9
53
77
201
90
215
114
58
279
71
265
124
101
183
258
101
185
68
275
76
273
247
206
156
223
66
104
71
225
109
23
118
181
21
111
254
164
104
162
140
131
269
27
207
178
223
211
111
217
198
209
79
100
78
95
44
245
106
260
14
119
101
13
167
127
270
154
0
157
98
156
209
13
63
42
185
29
189
180
198
281
236
156
280
208
0
219
37
86
220
145
113
150
227
218
32
165
167
240
138
37
15
227
25
242
34
264
235
11
49
243
158
77
282
240
120
271
276
53
208
15
63
7
13
191
172
60
248
190
21
267
72
37
30
186
256
67
78
264
13
114
206
225
145
235
101
248
210
57
193
57
118
143
211
279
73
221
86
188
214
101
90
6
5
179
253
58
63
49
62
8
73
67
275
151
282
131
67
117
10
54
174
237
281
7
29
151
262
246
66
251
92
255
247
219
246
254
167
49
118
103
228
23
106
107
125
54
88
151
175
31
230
265
42
203
79
228
190
149
250
142
196
33
242
86
173
278
261
133
198
154
2
40
275
246
153
50
224
166
26
159
219
283
1
57
260
277
55
165
133
108
84
239
119
45
50
18
192
198
177
165
236
216
234
55
199
212
164
212
220
244
185
115
238
196
43
262
129
175
167
21
111
237
198
135
211
159
88
158
48
236
28
271
160
127
272
145
148
265
71
197
176
29
278
63
202
137
226
22
155
106
63
192
178
143
209
262
246
249
137
250
122
278
206
99
197
86
39
276
91
199
272
87
70
105
280
176
278
16
231
260
86
73
158
187
280
178
100
29
75
23
167
236
113
148
195
281
132
268
117
134
154
108
127
113
264
34
122
26
54
234
237
137
25
41
272
88
159
160
277
162
68
223
27
219
17
35
109
51
260
247
31
236
39
276
121
137
245
178
261
275
195
114
202
103
136
281
226
26
207
202
4
97
270
236
30
132
117
242
249
263
87
74
72
230
11
209
27
154
257
66
141
184
272
198
131
268
242
205
48
57
14
105
117
151
82
41
129
48
272
50
41
3
118
36
119
105
180
153
96
64
49
42
56
145
158
92
132
127
164
200
161
14
45
33
104
145
83
147
0
145
4
192
238
79
166
35
35
266
146
186
169
84
18
229
14
277
3
145
267
243
169
46
187
11
14
184
261
105
219
10
253
259
90
111
282
179
198
253
75
235
107
188
195
140
15
219
210
203
259
159
50
50
17
140
229
90
237
247
142
62
27
45
193
97
190
201
105
260
155
12
234
16
181
13
37
108
86
136
98
191
271
151
158
273
134
113
246
120
237
190
205
11
112
62
240
191
247
213
83
82
9
74
44
189
5
4
89
177
141
252
39
31
204
26
158
242
97
21
79
188
67
64
71
6
166
217
46
277
172
106
26
70
281
19
4
224
43
160
164
186
194
222
117
203
14
46
167
2
15
119
153
119
240
185
171
210
184
206
279
251
229
160
165
134
173
101
20
228
43
14
192
166
233
146
140
226
219
46
21
103
138
115
274
94
67
223
218
48
232
198
284
117
236
212
260
273
125
122
240
278
151
117
39
180
99
20
205
1
18
17
105
136
102
60
190
71
142
191
58
194
208
214
53
201
112
31
52
110
151
212
259
271
83
178
110
223
60
85
137
149
86
4
94
174
56
119
82
116
155
1
128
96
267
236
229
171
21
41
277
283
127
64
4
119
121
134
160
247
14
223
177
176
81
226
215
207
227
167
121
131
170
197
162
217
213
9
203
38
239
128
150
135
199
72
86
278
50
8
102
151
108
5
111
85
118
278
165
152
60
31
202
174
62
252
161
142
140
40
193
130
220
249
15
44
220
236
204
143
232
51
60
81
128
34
270
239
203
15
105
176
80
62
201
278
263
124
283
261
160
13
54
158
197
20
138
37
61
155
155
155
143
65
74
143
156
17
156
75
91
90
219
37
179
122
63
263
206
36
41
79
128
194
196
185
101
241
107
65
68
57
137
159
172
189
191
274
54
30
230
244
263
273
16
147
46
3
206
72
213
62
165
196
6
140
274
73
226
47
5
84
113
45
27
55
108
211
43
209
279
62
136
247
139
58
243
50
171
147
66
117
96
95
52
120
98
228
36
92
253
105
251
172
215
112
261
93
12
245
222
218
90
172
192
178
156
179
121
61
211
237
7
277
120
211
158
62
31
24
270
142
264
167
38
194
53
125
17
54
54
242
194
121
79
159
192
8
245
116
264
233
74
142
282
284
36
115
76
59
200
216
241
0
6
220
117
53
152
46
32
98
275
179
37
87
260
142
25
256
114
240
148
71
245
163
239
186
90
67
174
149
97
37
102
183
12
1
140
20
196
230
194
176
279
168
35
27
56
93
79
24
114
141
45
202
145
110
76
28
3
5
57
84
262
79
15
10
265
135
238
122
198
146
121
284
224
8
132
10
221
223
65
252
245
54
0
10
161
231
215
220
93
193
215
110
223
56
72
224
88
264
181
164
85
55
240
205
68
12
227
8
9
246
19
280
181
38
282
214
170
195
142
256
186
38
228
136
239
97
195
80
242
251
86
182
159
44
153
199
13
157
267
184
258
153
76
235
210
195
21
65
162
175
254
224
126
150
152
263
58
246
126
204
94
152
167
254
45
6
139
10
61
53
201
255
209
120
236
58
27
71
115
25
226
180
169
283
57
6
90
278
265
82
47
83
19
114
164
208
81
199
143
67
47
147
61
148
175
257
104
243
53
96
173
59
161
239
232
260
104
124
110
121
75
138
149
211
16
86
43
51
108
39
0
216
191
39
50
197
77
226
25
37
177
55
61
252
283
73
273
256
247
147
57
33
99
131
92
34
221
77
213
47
17
264
6
224
108
71
23
191
138
128
174
100
0
181
131
174
13
201
50
206
265
41
170
112
237
36
166
16
193
253
73
168
40
97
182
44
254
37
193
237
122
284
215
148
26
125
117
166
187
52
37
153
104
117
271
179
269
83
16
8
272
111
257
159
205
129
194
29
215
263
186
251
108
147
65
46
109
237
155
57
106
12
23
212
13
136
221
176
81
66
62
41
237
244
23
196
159
47
115
209
5
209
162
158
31
164
237
212
123
5
20
265
250
51
207
27
107
36
271
209
11
32
74
259
126
33
188
190
193
257
192
214
263
134
95
169
69
150
138
143
241
15
205
271
189
278
93
49
56
238
206
154
220
138
154
71
103
180
181
103
257
263
29
20
179
243
132
20
190
175
271
42
27
67
179
255
115
246
229
235
270
171
128
180
90
236
262
112
262
71
146
198
225
281
278
104
1
190
251
72
228
204
224
32
43
70
270
188
108
0
119
282
211
95
123
209
272
126
149
142
54
170
34
194
265
44
206
269
80
143
73
151
213
235
124
36
231
39
217
27
40
12
128
172
186
204
276
123
3
84
106
48
253
277
38
159
85
140
237
219
278
63
266
194
247
28
198
168
106
151
70
68
184
87
7
118
30
178
29
183
0
82
90
62
118
241
108
93
25
207
120
112
229
9
139
143
31
100
11
137
87
232
48
35
45
121
132
218
54
12
14
38
195
53
58
40
245
58
53
15
145
121
45
275
136
28
21
186
120
66
159
43
67
161
249
218
119
186
179
125
106
135
196
278
223
195
29
5
3
131
263
152
173
15
249
204
143
152
138
210
23
150
233
50
3
5
163
75
230
139
249
235
111
122
45
220
282
4
104
93
86
256
252
133
26
8
283
223
170
201
254
130
161
58
49
233
49
143
80
255
279
179
105
250
141
186
104
55
244
248
58
0
248
249
159
272
223
150
148
174
111
111
154
132
218
17
75
267
268
220
42
30
47
57
202
19
227
264
275
190
164
66
229
184
153
228
222
71
125
101
68
114
57
57
84
138
234
284
51
284
110
145
206
8
138
182
230
26
8
137
23
212
162
27
253
46
90
71
283
36
63
171
261
87
221
90
206
167
6
107
198
53
71
35
216
3
189
245
22
239
173
210
196
154
87
280
226
135
94
268
150
97
231
208
191
140
163
239
161
18
119
56
54
50
38
48
210
242
58
191
173
39
284
163
16
270
278
29
145
68
56
85
95
30
273
170
238
30
106
12
82
54
209
170
258
169
219
72
149
173
129
250
18
257
163
97
75
63
141
11
248
57
258
50
183
171
52
203
252
245
75
271
257
126
64
278
230
44
107
38
51
80
108
58
120
34
43
15
155
87
149
25
284
179
112
239
240
59
202
116
188
109
55
0
271
54
200
258
234
179
238
139
255
247
210
149
237
143
192
40
130
157
121
255
156
277
174
222
205
111
175
81
150
168
122
104
127
223
68
157
205
219
30
129
99
86
121
0
188
9
39
26
18
9
277
125
259
280
234
177
103
22
182
255
223
172
273
147
89
166
249
11
114
11
102
165
63
129
51
113
159
4
241
198
214
250
186
136
268
0
283
261
180
124
110
264
179
38
0
69
3
222
197
59
74
260
207
41
213
233
93
116
231
212
32
58
70
197
201
171
84
269
41
212
230
179
204
151
17
126
279
107
9
117
29
54
163
2
94
159
203
210
194
75
95
244
133
114
231
14
165
52
114
270
69
37
180
77
87
255
88
80
248
213
261
119
254
170
211
270
99
98
102
151
59
159
3
131
269
5
78
154
262
128
241
157
90
58
67
52
113
249
204
177
47
171
244
31
167
171
128
250
132
27
270
82
48
54
17
112
80
201
95
12
161
210
8
256
77
139
75
186
88
229
184
243
251
141
56
127
20
22
284
38
102
91
255
53
7
11
157
90
112
270
139
172
99
33
14
142
280
122
43
90
238
11
5
0
127
110
257
86
153
166
233
74
20
33
204
32
98
175
258
155
262
153
24
7
68
104
157
92
221
40
126
209
207
4
259
203
157
30
242
42
188
145
184
53
249
86
264
216
44
163
259
87
103
51
228
159
63
143
161
13
233
126
152
166
54
129
281
83
72
221
136
144
92
67
252
56
107
178
63
241
180
199
271
182
18
273
269
218
115
158
206
223
264
68
150
273
202
137
37
259
74
232
132
86
13
48
240
143
89
206
48
272
30
65
217
69
71
28
274
33
119
198
9
281
9
161
61
70
107
63
48
26
22
53
127
61
145
219
36
192
179
276
106
204
186
141
152
267
94
34
34
147
96
116
281
248
178
124
223
183
260
90
3
38
92
36
225
181
238
212
221
243
147
279
214
55
203
157
160
59
27
145
156
173
79
10
199
57
28
215
165
245
195
130
69
20
232
130
141
57
102
30
178
100
259
34
118
235
209
275
33
125
97
148
137
182
53
21
8
89
28
0
192
32
12
68
153
193
51
19
120
153
225
0
85
10
276
174
189
100
6
263
170
266
45
36
242
119
166
184
231
87
7
155
90
177
88
183
30
142
205
265
277
124
49
249
146
82
236
258
61
226
114
0
79
16
180
43
221
2
275
273
149
138
276
228
75
228
246
211
183
215
195
137
140
49
42
127
53
95
176
281
206
173
68
193
25
145
43
253
39
23
264
89
21
182
155
39
138
209
205
141
88
20
141
28
9
222
98
251
144
14
16
142
39
166
197
155
32
137
72
79
237
71
284
279
58
247
200
63
95
100
3
273
50
242
271
275
44
116
223
61
145
117
75
11
96
151
18
283
160
160
67
100
228
197
272
282
153
131
161
75
203
252
252
168
34
156
272
35
56
215
156
153
217
223
165
63
272
95
243
174
201
47
151
129
7
92
234
83
69
226
187
245
168
87
177
193
6
101
171
242
83
239
216
210
136
25
269
62
70
174
205
156
133
168
130
104
198
216
154
193
85
92
258
203
190
207
213
56
193
5
248
209
73
280
238
83
272
120
276
276
15
96
161
103
135
58
209
78
171
209
173
13
61
0
33
195
100
23
75
176
280
47
173
224
46
147
214
27
277
20
29
224
192
254
46
264
47
20
107
172
152
20
280
211
75
187
71
204
261
280
103
274
146
91
96
22
122
138
23
60
72
94
142
230
278
278
102
165
1
135
201
16
53
179
21
245
180
244
270
198
10
56
21
279
276
130
206
169
216
112
209
213
210
38
90
243
280
149
137
273
162
223
151
241
106
168
110
150
60
202
43
52
238
233
184
279
239
186
257
218
211
231
0
219
168
130
215
206
86
69
200
181
89
20
153
46
253
29
233
278
168
143
192
181
115
246
270
95
13
216
24
162
247
229
11
129
27
53
251
242
85
239
23
226
87
75
263
117
67
146
130
175
144
190
168
62
123
130
62
167
156
245
174
159
51
81
114
42
161
99
163
275
157
4
63
125
256
259
240
218
273
124
223
150
143
270
150
166
51
199
189
167
216
63
66
189
129
240
17
153
182
230
236
1
64
171
79
250
49
254
240
137
11
270
162
19
183
171
247
174
43
88
266
247
276
64
194
207
64
196
245
37
224
127
100
218
241
101
194
212
6
51
144
223
127
108
230
25
185
241
279
13
158
164
159
53
212
218
160
145
20
187
225
143
94
69
278
135
89
283
65
33
142
235
154
118
17
256
233
201
132
157
33
91
280
62
72
15
100
121
78
214
57
277
46
42
17
16
111
202
145
11
5
147
131
69
155
78
253
139
192
254
163
44
258
88
217
222
102
60
112
224
206
110
39
139
90
154
169
199
1
53
18
106
142
195
4
141
72
151
67
158
92
271
270
6
187
157
119
263
101
12
7
32
241
32
268
167
144
18
153
116
10
100
225
26
213
96
93
56
240
56
49
127
78
72
142
133
216
166
264
159
274
15
237
128
106
169
283
184
44
74
9
112
108
251
250
140
16
4
19
251
278
48
82
156
165
160
123
166
3
191
268
34
69
160
42
200
94
278
0
181
42
3
214
238
237
247
96
164
258
141
69
220
83
267
2
178
143
84
98
200
2
179
131
271
275
170
68
275
41
86
8
176
37
79
169
157
251
28
5
281
99
282
144
188
71
46
192
172
134
283
124
176
214
131
180
47
35
229
175
187
33
128
146
281
94
221
100
36
259
237
99
153
275
71
215
120
24
115
154
224
281
172
220
152
12
16
268
206
66
73
161
117
155
238
144
110
100
131
78
86
225
224
151
190
135
264
131
272
173
261
141
98
89
260
251
53
256
144
109
73
153
275
164
174
281
180
254
163
211
19
10
27
227
125
229
195
115
56
53
183
281
202
136
74
127
126
259
201
187
199
204
150
175
108
164
88
180
150
144
149
72
173
254
255
269
31
202
273
196
130
101
245
118
51
260
124
187
189
106
191
45
227
176
172
123
65
85
3
168
254
74
183
3
232
148
155
115
238
14
253
63
49
265
143
148
259
129
111
234
224
106
171
208
4
164
88
216
15
87
18
255
72
244
32
202
270
130
276
267
126
80
117
161
105
129
272
162
67
212
112
242
117
176
88
50
88
183
271
139
79
120
86
56
152
164
98
111
93
79
140
220
260
76
84
267
160
146
106
1
275
153
18
65
219
280
124
132
49
282
117
74
260
32
104
269
219
55
41
78
26
96
32
139
243
82
227
208
200
181
274
216
161
245
153
224
152
215
262
20
127
248
227
156
80
265
233
200
32
19
199
110
101
183
102
131
75
117
57
122
35
86
40
135
146
63
103
30
18
197
275
1
143
214
163
57
253
1
101
143
283
264
28
186
24
100
139
148
4
228
200
145
243
41
44
193
104
67
80
207
121
230
173
47
4
61
175
19
73
139
21
218
52
99
77
192
15
262
141
233
113
89
218
258
141
195
107
190
56
282
221
43
283
100
108
249
3
216
222
85
240
259
239
88
76
163
243
74
186
81
215
124
120
217
6
39
185
36
69
255
226
161
197
182
54
167
2
118
117
37
147
275
107
257
120
238
181
84
205
165
110
130
122
134
264
210
100
283
190
119
203
102
164
166
124
187
26
71
90
116
109
40
34
25
119
106
128
116
85
244
136
262
157
218
203
86
166
178
263
110
127
105
218
176
211
157
102
141
50
179
87
98
226
141
235
9
76
284
4
62
170
273
249
271
241
138
11
74
116
83
281
249
184
207
96
192
18
171
19
172
178
271
12
54
19
238
184
88
81
178
39
162
30
33
265
139
238
174
265
223
63
30
242
264
63
196
182
114
242
139
270
239
240
190
227
211
7
142
222
52
81
70
190
186
107
55
281
226
255
122
211
156
194
118
280
3
21
220
230
255
57
106
149
270
208
205
43
239
45
98
118
14
177
149
233
114
137
1
51
228
71
34
118
117
276
53
219
243
20
263
30
35
126
252
79
91
270
57
213
236
151
279
280
104
77
241
274
122
26
284
194
78
72
31
238
249
109
25
14
237
132
106
105
141
130
206
82
249
116
38
112
161
60
115
146
51
160
108
224
132
58
38
282
166
155
270
180
32
189
260
171
28
85
58
39
82
154
170
230
90
160
146
274
272
83
54
188
247
38
169
260
17
24
142
61
201
155
183
189
167
180
114
221
70
83
5
174
161
141
196
54
199
114
83
170
142
256
1
129
8
261
181
44
41
82
208
63
192
40
65
137
176
254
100
118
1
209
193
63
135
241
210
69
136
22
15
86
171
98
250
146
138
116
24
223
281
205
33
107
237
133
245
19
83
129
105
281
35
184
266
9
128
138
119
143
60
53
105
160
9
71
97
34
252
95
276
96
146
111
168
234
28
282
248
37
162
150
42
208
213
151
102
166
19
195
103
117
216
104
236
156
232
94
189
80
77
26
28
156
110
25
144
38
12
284
16
18
131
113
199
150
235
95
168
33
126
268
53
88
155
172
262
247
46
141
154
247
145
23
150
63
61
146
191
208
205
106
69
262
275
219
122
197
267
237
282
85
46
119
34
274
172
162
115
168
215
239
233
82
98
261
124
5
4
84
280
245
139
72
279
77
78
82
177
217
250
258
41
232
136
110
173
203
110
149
64
191
47
57
281
265
216
61
273
16
250
184
73
157
71
218
211
159
171
142
228
192
245
32
161
173
101
148
210
228
162
165
191
73
129
217
40
251
97
271
235
149
127
85
120
259
160
41
183
282
148
177
169
280
270
61
24
50
120
56
33
113
74
121
235
98
212
188
72
78
57
258
71
42
245
284
97
201
247
201
174
5
57
83
101
246
218
178
103
267
135
38
135
251
235
208
203
101
156
141
79
47
128
142
110
138
227
28
267
41
110
187
171
64
16
45
231
55
121
202
19
34
24
224
209
267
39
278
214
210
253
259
196
31
124
71
84
150
204
167
158
183
89
188
105
93
271
194
66
219
109
230
83
67
109
58
283
66
258
46
64
73
255
88
193
19
126
188
235
87
281
215
229
125
192
20
260
268
222
95
91
192
52
18
159
67
41
127
196
10
216
153
48
101
157
26
147
236
256
225
262
210
159
31
236
250
49
206
114
75
281
237
153
123
112
171
276
210
41
124
71
13
221
274
245
140
191
270
246
63
264
159
234
139
139
182
253
217
170
16
36
30
163
253
106
19
35
129
142
21
192
21
29
29
156
182
0
186
37
35
51
7
51
27
244
205
134
104
173
234
240
250
5
52
272
164
25
204
44
76
106
239
66
210
218
65
205
177
203
11
171
93
187
235
88
230
18
45
160
59
214
124
282
212
129
227
213
203
166
69
26
210
166
205
40
18
100
96
181
77
215
181
25
202
44
157
65
84
109
240
203
256
86
268
78
195
22
98
225
40
199
93
234
186
232
5
168
119
61
38
52
50
230
114
110
160
173
146
100
202
14
155
279
89
142
110
146
146
87
202
155
153
226
104
66
265
274
6
194
149
276
134
71
217
245
181
142
190
40
156
42
74
114
254
150
169
10
134
117
107
265
171
6
0
259
219
51
114
88
75
81
186
87
282
218
168
1
5
158
12
117
133
27
235
248
112
172
267
145
4
101
272
84
37
179
254
9
19
171
137
172
59
144
231
101
213
258
171
188
112
172
39
115
82
6
202
64
38
82
125
109
178
30
235
116
113
16
2
192
116
89
246
4
254
157
167
26
115
99
253
65
239
278
25
153
161
243
72
120
273
170
194
224
105
157
81
198
156
36
177
180
118
272
251
90
96
263
63
262
21
145
281
122
179
242
108
183
151
203
78
29
102
246
173
23
60
227
260
98
197
55
257
0
6
146
52
277
13
53
61
84
65
219
64
180
172
124
152
87
86
153
189
95
151
136
51
125
37
166
11
217
76
135
162
0
37
215
70
80
77
164
238
66
156
1
271
100
170
6
141
233
134
60
268
268
281
34
134
163
90
44
221
128
112
57
139
2
241
64
76
119
74
117
162
164
210
17
97
106
131
169
135
9
104
39
271
181
40
254
28
35
247
46
159
231
226
183
110
157
93
174
171
40
259
224
246
101
68
212
170
18
170
244
172
236
22
77
168
49
47
177
152
283
33
274
199
41
247
192
205
137
19
56
279
32
80
56
116
8
164
8
89
145
244
4
51
105
245
87
44
43
204
52
27
146
33
57
182
39
86
44
102
189
120
225
138
226
96
261
266
249
201
249
47
257
122
108
51
153
36
136
17
242
174
90
176
73
77
220
217
208
9
156
165
119
173
142
33
141
47
147
78
106
58
86
161
10
79
191
42
204
67
119
223
268
175
217
192
94
100
26
228
54
264
104
141
280
21
52
159
61
164
97
245
87
134
193
149
249
11
34
217
267
114
140
275
258
13
181
250
132
226
66
51
24
134
87
222
172
242
218
117
190
155
186
119
86
117
144
233
45
9
124
159
244
98
78
51
172
261
282
103
64
122
10
179
235
37
101
135
210
249
158
246
94
35
236
218
168
264
252
150
182
105
47
157
280
2
35
250
211
6
1
264
223
167
254
109
105
131
106
157
216
149
225
105
246
64
26
144
74
56
92
208
153
89
6
6
84
133
65
3
207
236
158
14
116
31
5
124
105
52
14
65
255
88
121
195
83
267
154
163
117
184
136
172
124
57
236
51
7
271
90
229
110
104
53
90
3
9
278
51
284
225
198
171
221
100
101
95
10
248
268
197
158
36
234
21
271
273
211
167
88
281
192
123
170
185
255
114
34
149
187
159
46
273
143
278
255
251
216
80
223
170
141
114
76
126
255
48
211
131
253
175
238
23
232
0
20
4
202
282
78
119
228
63
246
72
48
277
177
26
105
103
69
5
164
269
183
254
48
194
101
143
221
109
140
223
36
163
156
17
123
239
237
90
246
119
284
57
261
172
68
2
219
139
128
123
141
107
211
24
119
134
83
226
255
220
253
29
63
210
112
137
274
58
88
162
88
169
249
277
168
144
254
8
152
30
199
255
239
120
264
259
52
216
204
24
263
282
258
232
191
246
80
99
249
235
103
42
36
258
21
153
105
151
80
225
214
246
160
23
210
130
218
134
229
181
86
201
143
48
158
38
255
222
245
185
205
238
49
60
253
50
163
228
261
18
21
2
266
68
152
59
140
281
263
58
196
267
1
62
171
42
201
152
202
217
202
281
130
235
124
157
117
7
183
269
45
39
43
47
237
11
211
181
117
205
59
215
27
132
208
187
65
40
275
70
136
149
53
222
246
103
109
164
261
31
120
240
25
27
22
61
72
278
16
133
34
115
154
261
11
185
274
152
88
158
112
55
57
200
191
266
273
35
22
54
7
257
147
140
225
85
103
276
234
76
5
234
182
1
166
102
181
243
135
101
271
200
219
255
67
202
280
155
99
231
197
120
170
198
222
103
103
160
247
131
54
222
86
223
114
133
31
191
36
172
278
243
33
115
222
67
229
78
263
105
171
156
205
199
86
258
124
65
182
100
277
139
233
172
142
264
88
166
2
235
145
247
97
35
57
24
101
59
196
141
200
265
190
1
67
230
117
3
123
238
67
168
140
74
216
58
197
21
87
254
31
107
197
135
205
260
280
282
23
25
41
133
208
215
47
258
267
60
271
37
253
241
228
107
238
244
16
186
48
92
162
133
259
235
163
184
219
188
189
59
161
277
137
34
261
218
231
276
259
146
47
218
92
81
53
141
54
51
176
37
169
120
182
197
155
17
231
153
228
66
52
7
73
73
215
174
270
4
126
73
112
188
139
273
54
230
220
225
34
204
269
246
85
71
71
163
220
54
270
171
214
41
75
90
132
160
154
275
266
233
106
133
79
120
121
255
100
112
113
187
