204
167
87
115
106
24
252
101
84
26
11
143
116
62
258
96
86
30
106
70
97
24
144
140
22
225
265
22
37
167
3
144
71
209
85
142
223
263
58
13
82
265
104
11
122
30
93
98
122
209
186
21
118
195
209
16
262
100
24
54
85
8
110
264
225
264
0
140
46
259
86
117
236
84
7
128
228
182
242
223
129
57
0
273
207
181
136
27
281
203
22
174
84
274
23
8
88
260
220
89
259
148
3
284
75
105
28
117
1
129
204
152
146
95
30
240
68
277
20
258
177
47
277
215
229
174
43
63
194
223
74
76
173
156
136
19
81
166
272
161
50
148
145
57
205
56
107
180
250
75
64
91
122
250
274
259
37
235
67
117
71
106
192
194
162
22
28
97
225
198
215
31
70
113
152
187
281
178
278
252
195
3
38
68
261
42
70
76
56
13
259
239
229
38
264
100
157
35
215
74
276
147
281
248
67
261
156
98
171
189
279
164
135
50
250
137
157
94
31
277
109
113
75
44
53
230
103
153
114
43
32
151
81
100
137
111
100
209
44
48
160
156
92
190
215
269
164
213
8
262
76
169
218
221
118
22
166
173
191
18
0
189
17
41
213
182
280
117
15
19
116
265
113
116
25
273
151
94
171
104
200
144
176
165
187
255
80
105
185
127
63
39
250
279
217
55
191
149
112
152
165
97
126
72
4
214
128
152
30
157
235
81
140
284
1
172
221
24
111
57
210
16
26
253
214
226
191
41
103
154
279
35
268
233
139
51
182
228
239
217
71
5
265
115
265
221
214
230
137
105
229
36
7
247
111
129
267
136
46
174
62
29
120
283
82
64
198
213
16
37
154
186
150
16
112
121
36
1
4
277
191
72
247
281
225
203
82
157
17
229
193
249
47
66
71
21
154
41
154
76
114
194
256
261
240
71
110
238
71
148
46
167
191
208
236
20
241
89
224
123
224
198
245
238
109
168
263
119
233
29
208
201
3
97
96
252
138
127
283
206
193
164
227
117
262
99
179
238
5
251
98
39
233
283
26
115
158
280
34
31
12
170
95
283
83
265
114
275
167
262
161
44
105
253
39
230
165
86
280
160
166
146
87
174
150
257
108
103
138
201
158
171
4
6
185
7
264
75
211
2
44
94
151
102
254
189
275
214
155
21
32
229
207
60
234
257
132
32
159
232
157
263
237
92
121
149
95
69
66
197
126
188
66
77
15
148
5
98
262
50
274
232
257
16
276
226
142
123
3
218
145
135
255
152
190
206
105
1
57
94
272
142
196
207
33
122
165
234
23
195
84
206
245
67
98
40
243
230
103
228
214
9
53
246
141
276
68
208
110
57
278
260
102
124
60
276
163
75
258
174
150
257
263
38
111
71
15
258
89
187
252
95
219
185
209
201
33
112
154
200
92
84
117
121
263
37
181
101
115
69
39
129
25
173
214
228
1
70
196
6
46
241
55
37
215
277
64
284
251
38
38
189
114
135
142
113
207
123
89
232
38
122
121
216
41
119
263
26
276
157
265
5
1
61
12
72
234
239
27
181
230
8
258
98
242
277
154
163
58
165
243
103
276
122
79
192
34
87
153
232
219
213
77
58
51
233
176
12
110
189
44
238
124
106
7
153
98
204
7
268
100
101
90
233
17
134
276
237
282
108
52
50
269
138
109
44
105
108
242
215
250
255
60
255
260
218
4
73
72
199
47
248
149
217
236
1
243
11
92
139
11
270
205
174
164
18
272
131
242
189
104
73
3
71
132
96
170
75
123
112
253
152
174
152
24
274
197
11
51
134
233
157
35
187
200
241
202
78
269
81
237
282
176
62
245
137
175
235
88
52
121
22
49
92
160
82
65
222
143
267
85
253
238
34
222
186
231
113
129
63
143
278
36
99
73
98
231
168
91
256
102
241
279
101
115
282
24
252
221
271
102
4
27
24
242
175
231
54
271
56
155
121
14
11
197
125
184
90
58
114
74
182
131
35
96
85
15
227
51
102
209
73
110
132
106
192
44
241
105
88
25
230
216
181
205
71
86
218
223
77
106
217
143
97
123
205
18
19
200
98
63
255
94
153
108
246
54
163
47
190
266
174
5
12
158
174
126
116
269
155
220
136
135
21
204
1
271
159
208
106
94
143
9
252
119
166
93
270
219
137
163
220
34
67
79
281
92
111
146
192
69
255
277
207
76
210
70
59
242
140
42
26
227
205
85
30
110
100
62
28
114
191
76
279
210
44
159
164
115
203
40
24
237
60
278
212
24
179
210
114
