106
179
118
25
137
16
99
4
7
134
4
207
219
277
272
30
118
156
40
185
125
245
137
71
218
155
274
96
211
179
17
2
238
173
116
82
54
243
202
34
46
251
38
221
60
174
68
263
275
245
256
133
43
50
257
164
172
214
129
70
23
243
276
107
192
129
24
38
145
11
62
156
205
70
88
44
236
18
265
239
190
101
153
27
234
215
276
237
254
188
119
250
171
62
226
202
180
61
101
49
274
138
13
283
52
134
216
209
0
186
0
229
215
176
149
218
29
133
2
60
237
87
249
136
15
283
126
261
157
203
234
276
205
272
98
265
177
17
127
36
118
54
155
284
122
229
1
216
238
14
54
208
78
24
25
57
96
242
234
136
91
235
198
114
263
182
150
9
253
108
124
250
159
96
55
270
39
159
3
243
31
196
249
117
122
26
30
47
203
266
128
127
274
255
254
43
190
160
145
280
201
53
239
96
193
137
19
61
99
122
169
6
132
146
275
107
193
259
75
274
243
88
194
23
40
249
73
189
209
75
242
236
58
27
179
116
166
132
239
56
254
220
129
34
75
20
168
229
260
76
70
34
219
5
276
48
158
116
2
135
204
39
150
251
242
66
235
218
257
187
234
198
110
252
20
151
187
201
264
33
153
170
177
153
185
171
268
258
157
153
169
53
267
129
107
236
271
115
267
4
129
238
126
192
76
171
246
22
5
97
220
204
249
69
41
243
43
9
31
199
96
37
84
77
201
145
195
183
166
159
273
117
103
167
182
93
202
73
237
106
159
267
143
7
146
49
45
162
172
3
118
78
280
32
260
147
15
208
75
229
272
64
154
178
145
50
52
112
139
179
52
189
151
267
204
190
126
258
108
13
51
121
227
101
186
66
139
72
282
192
178
10
45
190
182
131
79
90
12
98
45
56
62
206
251
34
237
105
172
153
14
192
42
152
215
78
1
150
32
126
264
99
188
139
168
22
184
176
32
191
112
170
74
214
58
113
125
157
72
12
13
262
77
38
284
268
35
255
42
108
114
1
229
15
60
46
101
166
31
265
95
283
255
32
22
41
9
167
30
261
112
86
172
100
103
90
93
246
92
233
113
50
251
164
181
165
204
197
30
81
250
59
229
134
282
152
75
123
210
267
11
277
234
190
103
181
212
176
258
213
207
261
105
35
103
160
100
71
89
139
272
48
184
254
170
189
38
113
165
248
64
31
100
266
171
103
137
150
87
209
167
210
102
123
123
4
61
78
6
240
21
16
82
93
106
16
196
26
55
129
237
255
137
107
127
49
3
55
168
275
251
271
32
127
64
117
140
70
251
57
186
254
195
235
256
112
12
14
0
74
43
215
199
215
241
242
112
132
145
224
57
183
9
110
59
146
81
262
38
262
2
246
209
248
233
110
116
170
183
169
92
128
255
40
167
251
106
12
186
136
50
152
57
69
7
163
138
70
193
221
35
54
158
182
240
247
126
203
133
256
129
255
10
216
221
265
140
234
110
27
259
159
189
228
265
132
219
109
21
256
220
215
274
26
230
24
199
100
75
3
215
25
170
170
269
96
28
111
92
15
230
235
191
92
148
81
187
185
83
103
156
284
199
39
136
80
145
8
63
20
153
155
96
133
236
7
58
210
192
30
202
0
147
119
166
52
4
234
141
231
195
71
68
177
284
151
219
170
155
152
29
270
117
83
7
220
168
224
7
12
280
51
17
260
64
162
5
117
100
46
255
211
59
2
228
20
196
101
254
282
276
148
110
113
47
251
83
160
21
243
16
134
124
227
231
88
159
152
200
159
83
252
283
180
271
166
229
266
239
213
154
184
247
169
261
236
61
45
159
29
161
53
32
280
156
71
216
24
64
201
216
218
193
28
58
14
166
28
56
155
193
275
137
54
193
32
199
31
50
276
29
173
206
106
86
168
151
8
116
100
63
189
232
139
64
108
47
138
166
169
165
75
14
274
257
269
33
237
135
14
11
58
174
85
95
14
22
34
144
82
265
52
23
241
204
113
153
199
124
8
154
49
96
107
173
166
19
26
240
200
254
97
94
263
147
122
136
240
120
29
97
65
233
171
91
99
107
18
153
88
1
5
129
223
125
169
131
197
63
262
198
266
127
52
250
188
77
97
184
65
182
194
21
36
284
101
80
2
24
95
252
61
25
108
169
95
178
243
276
212
132
51
142
276
187
271
120
274
37
56
249
201
238
53
56
66
87
126
168
186
72
16
180
172
201
151
181
277
279
100
27
227
126
197
281
12
79
218
119
276
98
185
284
122
223
4
253
17
14
206
81
103
72
57
151
67
175
195
198
165
87
31
158
244
137
47
179
136
240
87
57
7
158
20
6
209
254
145
86
185
239
144
45
148
46
189
207
252
259
245
252
84
1
261
43
178
8
51
122
185
203
239
176
160
53
110
269
241
176
79
132
228
113
98
254
242
186
87
20
62
138
281
185
3
267
138
15
162
28
50
182
210
241
47
95
60
46
49
106
169
239
131
245
222
99
253
45
168
203
236
169
234
1
51
237
171
122
150
101
210
101
180
252
11
108
272
134
224
148
259
214
274
15
262
184
70
222
119
256
195
204
227
36
59
183
222
94
222
240
46
279
57
142
217
25
135
25
46
49
63
246
23
59
281
97
175
123
80
109
61
50
121
191
251
147
24
209
191
103
145
95
60
279
173
156
199
44
91
158
8
16
165
274
201
79
253
115
141
123
61
151
205
245
144
232
180
105
90
86
160
185
36
185
246
189
239
108
107
78
60
237
271
241
45
264
77
268
159
43
263
209
151
58
221
60
266
221
120
278
101
216
89
188
113
38
2
161
137
79
212
146
11
79
282
224
9
127
177
136
65
89
20
31
269
54
238
274
117
240
228
155
92
264
79
148
102
58
37
202
139
210
228
62
220
0
198
86
282
104
138
243
157
175
9
232
122
107
103
204
16
86
61
151
175
199
236
255
138
139
169
98
101
272
75
13
189
7
208
192
237
166
271
228
24
121
113
214
30
261
280
205
106
151
75
164
19
249
201
103
198
13
229
128
192
224
107
95
213
141
232
110
163
89
162
276
219
255
69
22
240
25
35
226
255
168
238
199
15
246
6
249
237
59
177
178
283
10
95
30
142
58
98
257
32
63
5
85
38
206
201
67
232
203
177
144
234
101
163
2
101
24
281
79
36
272
205
210
145
125
107
1
265
87
284
36
261
131
22
133
253
195
58
274
7
71
74
236
277
48
179
63
264
103
247
259
83
226
89
250
97
118
184
43
98
110
9
153
25
86
17
59
224
164
34
8
203
158
255
109
0
134
124
39
200
164
116
149
100
227
241
90
129
187
283
132
255
76
22
63
111
96
57
36
254
116
229
253
155
237
32
225
64
202
35
257
134
53
70
16
63
227
66
62
108
243
214
70
255
235
256
107
115
264
228
21
78
70
222
9
69
211
102
262
17
119
260
109
92
190
77
155
38
131
201
181
137
248
62
102
153
177
235
208
66
156
52
254
194
163
130
93
182
157
71
256
220
64
251
11
37
61
256
219
210
89
176
216
9
234
268
75
161
265
11
150
6
238
41
9
242
229
47
146
265
45
130
25
110
105
248
191
62
160
187
175
165
109
8
167
230
181
218
8
83
101
26
38
246
274
141
11
10
281
20
53
6
226
67
75
234
160
46
145
239
172
12
172
244
275
114
182
139
219
41
270
69
228
240
28
34
210
178
140
219
110
27
104
159
89
234
267
168
249
155
108
126
133
119
268
282
144
188
112
180
100
72
240
215
233
197
27
19
147
283
185
160
206
45
144
232
145
279
57
250
266
266
25
90
143
53
65
276
120
16
128
121
216
76
246
196
227
230
273
23
152
128
139
162
34
12
60
16
40
77
259
189
143
230
237
172
129
211
181
98
150
18
172
135
175
7
46
117
95
62
191
194
90
99
82
268
102
149
193
211
156
33
112
76
187
99
213
197
220
283
225
2
147
77
259
227
6
193
33
38
99
242
272
155
176
238
235
137
240
230
129
121
237
53
70
222
165
106
205
234
214
194
143
51
41
65
40
77
231
68
61
276
33
252
238
159
197
8
26
251
84
53
246
107
121
134
99
48
45
231
92
21
94
67
243
252
61
134
207
24
248
260
220
213
84
200
75
209
217
111
184
197
135
169
9
276
143
271
191
238
237
259
2
97
110
34
272
140
188
178
52
205
36
257
275
250
263
242
52
264
113
133
113
119
276
251
279
60
160
19
279
62
144
269
100
123
250
252
263
115
223
65
267
115
194
52
78
231
151
156
246
242
108
197
39
187
120
77
32
82
40
191
235
62
253
167
233
141
187
103
186
264
112
94
67
193
194
172
257
202
13
244
275
157
169
140
239
37
24
43
218
203
221
61
177
275
231
6
69
141
88
232
217
40
0
151
190
124
227
2
277
57
44
73
83
76
55
113
264
150
235
194
140
129
111
24
199
57
198
170
91
109
94
83
86
57
24
149
157
172
279
189
195
230
175
72
100
280
258
196
134
170
122
100
172
271
184
256
5
190
169
139
134
217
274
160
87
183
14
27
19
62
200
102
60
230
71
212
180
241
52
88
193
275
283
103
31
66
55
251
263
89
117
105
95
246
139
145
124
157
94
56
74
266
134
45
156
234
8
196
17
5
45
120
51
81
187
27
183
229
62
6
111
50
101
40
216
100
157
119
216
159
255
147
51
11
136
214
242
234
147
7
230
194
56
82
81
65
218
120
240
260
33
172
93
51
259
193
56
282
33
258
138
262
141
4
50
82
1
232
119
110
20
165
151
94
11
225
248
249
180
45
125
124
135
78
194
232
250
99
105
1
126
36
30
35
221
43
159
187
212
26
24
216
219
105
76
189
234
22
243
151
224
48
152
215
86
39
264
116
187
70
69
101
198
171
266
99
5
46
241
60
162
57
9
125
214
111
265
270
68
219
34
87
176
217
242
190
33
167
213
0
45
33
194
82
73
191
282
190
188
179
129
48
182
280
266
47
273
57
35
51
134
26
139
107
80
51
223
124
71
121
22
145
13
260
101
234
193
270
35
52
214
164
27
176
129
104
264
237
162
257
197
141
113
20
20
200
132
199
15
88
59
237
187
45
44
137
271
86
74
127
65
165
112
138
172
242
269
221
279
142
133
79
193
84
68
6
87
258
8
68
40
228
23
203
213
17
36
261
0
46
108
108
170
281
196
81
120
41
169
203
250
147
280
69
70
277
210
129
7
203
114
124
188
252
165
55
228
131
24
40
211
209
143
167
42
213
184
55
148
184
204
283
6
152
62
112
211
46
60
273
24
256
91
68
112
169
282
193
19
29
160
28
127
98
29
278
88
190
75
157
112
258
10
185
255
58
80
132
82
257
9
226
246
42
132
127
189
193
12
252
267
75
215
40
176
238
28
234
93
45
225
219
99
66
36
96
225
169
41
230
200
157
94
12
179
243
239
149
183
113
146
260
94
32
209
40
125
175
179
211
182
239
183
183
0
121
18
106
44
64
75
139
26
247
93
204
174
220
77
136
74
255
192
189
102
157
53
253
169
139
279
26
0
33
102
138
56
277
15
185
54
46
9
164
164
143
15
5
141
102
270
279
25
217
77
117
250
168
174
104
226
43
252
64
87
82
246
227
155
28
280
6
47
272
163
26
178
83
167
70
120
275
207
8
219
190
187
19
261
249
270
255
186
233
252
259
234
83
198
188
58
28
150
76
224
232
64
176
82
201
217
34
103
179
140
78
77
57
186
144
242
223
244
186
208
143
139
161
157
203
250
4
45
278
52
86
256
113
2
215
220
240
251
159
194
157
246
6
140
275
186
232
181
250
151
137
41
261
185
157
194
227
188
255
258
136
188
7
158
99
170
205
252
199
72
151
283
44
120
117
13
167
80
142
84
82
154
126
101
125
265
30
175
85
25
45
31
279
130
101
95
15
263
45
29
264
191
240
261
68
81
30
119
75
265
280
277
147
138
171
114
222
72
55
77
177
277
139
134
265
197
258
56
146
174
26
8
234
0
272
209
230
162
254
9
51
275
236
172
45
160
136
107
117
11
281
221
237
13
233
264
213
179
270
43
249
32
64
10
218
99
54
83
177
190
13
82
178
174
100
81
113
23
244
32
150
43
206
250
236
73
181
86
129
26
39
129
63
245
31
235
53
237
219
108
256
202
274
263
24
90
78
32
40
281
230
35
146
198
258
6
32
163
23
126
266
279
174
232
270
64
84
206
117
14
82
229
211
222
116
24
185
57
183
234
245
123
0
25
216
272
199
28
82
159
166
226
170
34
263
139
19
146
125
233
251
149
224
213
241
200
37
240
267
119
198
215
156
52
219
138
153
120
149
118
161
79
274
152
242
272
65
156
143
61
255
53
157
59
97
167
6
233
215
178
139
242
200
276
75
276
36
124
194
237
91
259
205
87
195
188
40
229
218
134
242
108
271
224
159
127
117
75
275
45
242
27
191
261
160
34
118
76
171
269
231
48
146
157
244
63
89
139
131
65
118
71
227
145
231
242
170
8
179
245
123
175
98
140
145
79
205
67
8
268
121
153
25
227
84
80
207
262
90
154
100
121
251
184
155
81
147
206
109
242
167
14
271
247
193
109
170
158
126
212
146
235
238
261
83
113
233
277
209
43
164
23
160
228
27
162
120
266
8
152
257
48
217
267
0
138
82
22
144
231
110
246
260
246
77
217
273
202
73
174
209
276
255
204
266
145
101
89
216
1
37
190
161
57
181
178
220
131
18
203
39
51
187
16
235
156
259
228
84
17
278
132
250
100
241
255
171
63
172
279
4
160
114
231
140
72
77
78
28
192
30
40
230
238
238
179
214
59
160
161
276
149
203
259
83
15
29
236
174
175
257
62
162
156
238
7
197
192
119
202
170
32
53
107
192
164
202
81
133
120
75
263
122
2
92
66
27
1
115
15
30
184
133
12
67
180
89
222
220
152
102
63
186
70
234
38
34
203
272
216
107
98
24
10
275
230
154
236
111
232
132
13
80
239
165
250
97
104
218
253
231
112
165
214
177
156
187
283
1
70
37
185
232
148
28
97
168
100
282
207
83
49
28
161
70
134
102
126
118
154
21
102
275
76
94
162
3
172
270
138
160
76
193
135
196
256
14
277
13
69
111
115
27
166
248
279
94
97
156
267
19
205
240
150
103
193
202
73
271
267
181
70
103
102
153
138
150
165
161
122
53
59
247
193
222
104
171
260
107
269
236
27
249
257
105
151
66
63
101
66
259
11
163
244
45
212
276
220
9
215
107
219
20
130
220
246
207
198
240
54
73
216
176
27
0
215
155
157
48
153
111
18
250
44
247
102
218
172
25
142
8
284
82
25
256
54
121
84
147
116
198
58
102
155
107
107
227
92
262
157
139
86
247
128
35
165
109
69
34
1
273
154
187
6
55
227
174
95
278
58
215
94
172
214
187
62
214
124
15
219
265
70
219
200
24
15
109
187
244
175
60
95
110
45
221
80
24
257
58
108
47
142
142
60
151
141
223
213
222
1
268
107
38
279
74
254
50
24
58
281
95
156
269
82
124
159
217
238
73
162
246
203
57
83
148
60
34
194
87
1
54
63
48
11
29
185
199
174
247
51
215
21
231
273
70
14
198
251
20
26
176
133
146
89
2
278
57
4
31
79
215
184
20
264
129
269
122
83
126
275
5
117
54
19
100
129
269
238
75
225
162
21
108
211
181
19
1
164
17
106
181
89
195
147
57
132
237
55
243
104
31
164
263
109
248
282
211
279
231
257
233
108
68
181
29
99
13
83
63
181
125
266
140
17
74
274
123
104
121
150
233
262
75
225
186
53
241
152
72
107
195
234
168
68
204
22
96
211
174
210
179
27
37
116
266
227
131
132
6
104
7
177
213
199
252
275
57
115
216
178
186
192
169
158
198
70
68
130
95
125
118
279
271
3
85
72
36
133
153
284
98
248
109
250
156
250
70
60
278
249
207
157
147
147
127
33
258
139
164
227
144
157
137
246
215
127
139
55
245
43
125
48
220
166
185
19
140
46
155
113
278
136
130
280
123
180
50
7
109
280
227
160
0
177
219
234
245
145
99
207
76
258
21
279
187
52
197
52
78
92
140
130
261
115
155
139
55
27
19
196
60
193
131
93
258
196
190
117
154
25
97
212
54
196
198
32
49
218
210
83
48
228
36
183
217
33
146
58
145
45
50
109
247
258
70
110
94
251
187
112
178
170
260
100
276
177
42
113
79
87
108
174
46
274
51
248
105
18
95
187
172
51
85
134
133
135
243
255
15
139
45
118
253
210
120
4
113
110
254
186
122
254
218
75
233
245
84
36
44
90
128
257
250
92
258
216
117
246
228
207
81
187
163
67
75
58
170
24
115
129
123
214
134
51
216
88
126
268
239
275
239
181
86
16
262
236
15
21
44
181
191
157
181
50
178
267
172
241
249
115
50
270
159
24
183
255
244
186
8
195
267
199
191
78
23
75
48
256
240
183
190
95
213
112
36
69
249
270
232
4
259
268
38
56
284
79
263
137
226
124
53
75
167
274
219
205
266
248
19
133
5
140
47
121
282
228
244
238
188
52
172
144
30
88
157
175
146
236
4
249
62
95
243
109
85
214
181
194
35
196
48
241
14
41
240
60
116
260
16
217
144
29
3
232
121
227
121
21
126
207
210
8
124
231
280
264
25
78
129
281
65
145
124
97
266
8
10
131
275
282
211
52
81
120
274
25
37
165
223
276
238
263
95
105
252
128
10
91
236
36
272
123
170
165
209
217
200
188
39
74
254
75
121
112
99
134
51
140
269
173
261
251
191
214
267
86
217
216
116
195
27
63
187
29
176
14
227
20
23
120
92
52
4
105
200
85
251
117
247
276
238
84
33
223
126
265
162
40
78
261
57
114
8
48
140
24
242
270
127
6
64
268
56
136
241
50
257
51
129
25
201
12
9
140
17
53
120
277
168
255
33
219
82
204
213
50
227
201
122
98
235
241
66
109
231
209
252
100
99
194
33
164
142
274
158
141
16
245
32
265
174
252
70
266
128
136
273
111
178
93
62
19
138
24
247
44
57
101
284
25
6
152
122
8
11
38
65
194
86
125
178
197
267
243
223
213
231
127
107
31
184
210
150
248
87
10
66
202
76
242
119
268
14
152
97
33
3
232
48
213
24
80
125
16
74
123
229
282
220
185
194
280
104
282
5
234
98
155
66
157
36
232
12
165
159
175
169
114
147
37
106
1
166
187
53
45
250
1
53
63
217
13
199
205
28
265
39
33
136
104
196
89
178
212
230
267
80
31
265
283
73
267
167
43
63
57
147
24
42
273
8
111
38
104
186
210
237
272
150
114
183
81
133
217
201
152
16
40
249
91
266
40
2
142
83
194
44
130
240
69
137
282
86
72
233
78
11
195
28
12
81
199
277
66
211
244
18
222
204
69
28
213
198
221
21
68
44
161
111
172
74
161
79
248
137
91
222
260
215
236
171
63
98
80
153
47
260
205
162
99
190
67
206
162
48
77
114
141
236
136
203
121
284
211
19
282
117
123
28
239
278
189
155
138
4
23
95
256
247
188
204
17
194
69
227
98
61
151
166
244
250
209
90
281
244
107
167
204
233
57
193
254
246
134
187
196
184
174
213
22
113
259
182
208
12
250
120
261
33
60
271
10
62
145
117
3
34
206
46
259
187
252
74
199
220
66
238
12
50
79
231
192
184
78
21
180
66
68
121
111
129
68
101
99
226
210
81
23
219
6
223
162
42
235
126
62
8
129
62
14
73
258
252
212
10
65
141
254
99
94
137
212
101
76
199
226
273
63
14
106
203
161
268
229
190
262
209
57
8
273
231
92
134
227
33
125
40
6
175
69
221
231
167
196
133
113
242
27
63
265
66
85
275
51
212
269
90
124
137
115
63
152
106
254
166
18
245
102
282
38
16
90
259
201
201
118
117
245
131
79
9
194
280
144
96
131
107
19
275
105
17
268
14
92
112
182
117
72
136
139
198
238
246
55
276
239
186
26
227
196
32
243
257
88
201
38
38
102
254
99
46
74
122
134
123
131
193
101
124
40
87
196
58
173
15
104
279
241
125
283
119
85
20
107
262
252
231
136
236
17
148
241
170
186
257
246
179
108
91
178
246
171
157
217
122
75
127
153
2
219
232
283
249
80
132
214
106
274
93
243
129
252
124
79
203
142
128
212
89
259
39
67
130
133
150
248
270
278
67
198
203
199
167
102
7
220
118
226
73
165
15
109
100
267
9
73
29
209
242
62
24
72
151
11
46
50
222
91
259
20
65
98
244
17
248
14
155
8
93
106
138
159
148
163
158
221
166
166
50
103
31
168
128
242
104
5
89
257
81
74
49
177
230
191
2
177
158
3
235
157
129
3
32
94
101
76
101
6
43
56
210
267
47
215
157
191
128
261
223
187
255
113
175
80
190
222
208
215
125
38
92
157
134
20
123
210
7
8
53
195
183
273
75
185
260
245
190
142
22
101
156
59
44
33
170
11
164
187
82
146
184
117
262
105
71
28
134
53
61
149
21
182
123
256
178
219
104
15
238
49
75
101
188
276
146
91
186
254
123
213
214
72
263
218
85
103
187
65
166
271
70
237
63
7
117
256
117
44
253
102
30
217
208
143
222
148
275
194
219
218
254
229
233
20
162
235
253
87
135
11
250
201
52
194
136
62
186
7
182
141
124
66
243
247
271
227
278
61
24
31
167
15
55
122
280
35
99
111
224
262
20
43
205
272
171
5
29
91
217
260
133
157
208
15
14
196
100
89
48
103
236
171
148
102
38
199
36
198
244
209
280
237
62
41
139
189
227
129
258
34
180
279
37
216
219
194
23
172
43
126
136
47
103
225
24
107
251
70
38
161
34
220
37
91
62
152
11
75
146
134
225
77
241
35
215
43
193
204
88
242
275
102
270
92
237
102
133
15
167
209
187
13
271
284
109
148
34
30
208
272
66
116
15
259
134
238
122
48
75
220
246
119
152
165
263
220
168
191
284
233
273
98
14
170
168
267
33
143
144
154
27
43
192
202
36
179
256
101
77
93
281
216
9
182
186
180
202
197
198
50
64
180
283
106
19
31
134
164
93
92
34
142
214
229
97
177
156
265
194
109
51
186
30
120
200
26
25
61
97
137
275
193
257
52
15
175
132
128
56
123
69
225
153
247
38
142
72
56
221
74
253
207
179
275
211
216
98
130
123
244
215
254
205
1
262
170
247
149
166
259
214
94
205
97
32
278
205
113
67
284
31
38
138
204
70
179
178
114
251
