7263
6960
9269
584
5678
5342
7669
379
897
6654
1270
2528
6066
1372
6498
3742
2799
1457
4100
9607
8511
5081
5908
3358
6516
6718
5021
8555
4037
5170
5567
9068
1110
4421
6129
8457
3412
9239
2494
8274
4308
7970
6251
9068
7757
6776
169
968
3411
1515
4044
138
9318
2458
5468
4749
9305
8482
249
7944
9050
3295
7023
9531
277
1343
5353
1044
548
3787
2513
2705
9525
9666
6803
7293
5518
7634
8188
7916
1547
9798
1069
5278
4559
5317
3165
7545
397
5692
3412
1469
6419
2372
4961
3331
7503
2333
5477
4406
1879
6363
2737
551
1621
4741
6838
4542
3834
5165
5507
7180
3842
3828
7650
6233
5693
1193
4787
579
4968
4590
7762
3291
3575
5463
9141
4866
5010
985
5541
6196
3122
2777
4976
4002
8189
5647
4201
9504
6210
8563
2921
8108
8682
6253
2941
4711
2882
2598
9005
4378
3058
812
5858
3655
1349
8392
2710
9886
4223
9387
8651
7325
1666
7381
3115
9238
3074
4475
2049
8293
1723
5955
9863
3604
260
8539
1041
3580
6526
1098
8522
3257
4376
630
4407
8255
1707
3385
462
5367
6289
8748
4191
2395
1005
472
8218
9185
2026
5193
4052
181
7898
4841
6341
5419
6622
5127
9024
3377
5351
7510
9464
1026
572
2550
4136
8783
6808
1260
4083
2665
3227
840
944
4945
4497
7558
5967
8827
7496
8542
766
4451
738
9185
1810
378
807
822
3236
8719
5410
9020
9350
4829
5716
962
9120
5898
1787
6118
5407
7979
3507
2498
4600
35
8207
2260
174
3973
8856
5996
8979
2394
1982
7269
3371
3529
1184
9235
4781
837
1428
7520
2959
4894
6399
8709
4460
7995
4509
9767
9989
1961
227
8581
9777
6653
4557
4875
3657
7739
2899
2351
4982
4567
7391
3326
2649
8184
144
4416
4618
8132
3786
1952
1660
7129
6181
4326
9231
3133
5515
5617
7738
1316
8021
6433
3049
1356
3250
2685
5245
2411
3080
9753
8169
1172
573
6097
2560
9656
7870
8655
3026
5120
8074
5999
6128
344
4132
3183
303
2410
2458
1028
3673
9042
4428
8597
7556
7182
931
8611
4109
8125
3811
655
3653
2243
5930
7150
8995
1865
3400
7947
6386
2005
3957
6430
2397
7293
4914
2132
1489
7715
5984
2873
8100
6171
8012
5675
4986
8846
2896
2519
8330
9353
5445
3567
327
8853
6390
9078
9047
7721
7486
9919
853
9694
4290
9436
6384
4007
3440
7641
2585
4613
3535
1410
4040
9798
9112
2241
9017
298
9236
1493
1124
2203
1510
4702
5012
6693
3916
4969
2235
4365
8606
3245
6949
6629
3697
558
6218
6345
798
6639
5647
956
4303
1876
4447
7390
8898
1286
3608
1300
9981
9183
3369
6979
3655
7839
6376
1514
2313
718
9971
8195
7540
2800
8466
7213
1633
5764
614
8107
7400
8922
5955
7565
4903
7292
9035
8639
7426
8180
9640
6605
4006
946
8269
6201
4958
1669
1443
3078
1079
4065
2836
3360
8724
4712
2689
8040
4688
1770
1139
5024
5317
9561
8063
3344
1060
9124
6535
816
7455
1072
1683
5253
7053
4274
3953
5809
50
2024
3608
8273
1770
93
1629
216
627
5460
6223
4564
3077
7189
2345
8460
7992
136
3407
7782
154
7325
5010
4877
9511
112
4724
7552
8124
5955
3376
5178
4234
2409
6448
1750
2445
7027
9412
8834
8717
7764
3486
3435
1208
4624
9095
5460
1892
2197
7999
9508
6750
1318
2769
8308
2651
7282
5706
3667
9957
5991
6599
6150
2931
4481
6238
7884
9545
5023
2024
4555
9048
6745
3061
6142
1588
9263
1960
8947
4612
2833
3609
8917
8106
7358
372
6504
7141
6342
9280
6627
3079
950
2037
8231
7773
4800
2365
2354
3287
1838
207
9021
7240
7949
6306
810
1502
3680
1147
9749
7071
4859
2675
1884
2216
7518
484
177
7680
566
8929
7298
3680
675
3257
5095
7352
6286
2793
7426
8370
3154
8562
9852
5960
2738
1395
8607
5093
4458
2305
6071
7428
985
2848
5370
3071
6005
3334
3610
402
2910
1507
5305
4989
2810
2594
9512
892
112
8200
9086
5180
9324
1647
7138
5862
9076
8747
7310
5364
3261
9458
401
4960
9891
4
1339
8922
6948
1195
8296
8560
1981
2104
1453
6138
1591
5334
7360
2109
2027
324
2510
8813
373
2247
5052
9587
3519
821
6475
9413
7749
2688
9720
4099
6466
2739
7236
1364
4044
1372
8232
8994
6215
7067
3423
508
9015
9953
3559
3728
1481
1999
4925
9589
1685
4268
6077
4203
6086
1586
7315
6848
9713
9832
5133
7331
6803
9325
6078
1004
6458
8554
5434
4981
947
5764
9560
131
4311
9040
2839
964
7559
1098
601
8051
8460
1564
8011
703
5605
5120
2599
3730
9065
8442
9701
6301
9245
9500
7534
1460
6280
3062
8566
6616
1968
7958
1534
3681
8252
6688
5564
2402
1596
1100
3060
2786
4992
4226
7459
1859
4227
4184
3965
1862
9871
660
6809
7123
3383
5595
358
1774
7334
2814
1024
5478
7564
5869
6105
8521
9115
7896
9042
8513
2650
2092
1266
132
1724
3684
6310
9347
494
8215
7964
1068
8321
8832
1715
2753
1227
3903
1787
3080
8834
2153
2176
8972
5605
6397
8901
8428
713
6781
7909
4528
4839
9272
2939
7569
3985
2803
7721
9429
8432
8637
1641
1573
4028
2549
6975
4524
1038
2381
4976
4938
1929
2990
434
2123
9683
610
6180
9664
4376
5434
4799
6147
2618
2735
5674
5539
4999
2846
2580
270
4318
8879
9767
9809
8516
559
1828
820
2897
5400
5518
5667
5012
9227
495
7561
5690
7383
3368
857
2437
7189
8352
1438
2995
5893
1620
1483
2024
1533
2017
2961
8323
9497
8715
7162
3377
790
8532
2715
3163
9680
3890
2970
7569
8259
4230
5195
1031
9740
6972
7110
6141
1808
912
7317
5841
9179
4047
6454
7079
6438
8116
4128
5386
7265
3801
1076
1838
4483
1130
9139
296
8116
1356
5129
6420
454
1082
5711
5872
7313
223
601
2614
5621
366
8756
3978
3292
6407
955
6677
1597
8477
325
1728
7755
5486
2012
407
7527
2480
8550
4623
155
1763
7636
8241
9233
1079
9035
6671
5359
3581
2830
1303
3918
6360
6572
5924
5698
4329
138
8334
8417
9756
4287
4975
1354
7702
1421
3626
9980
4807
7975
9748
2875
1252
8243
8717
4722
3217
243
7832
8845
9101
3441
2721
5241
8834
8831
679
850
8648
2339
4517
8531
3801
4723
7102
59
4514
2032
3284
1969
9182
8577
6006
1508
4590
7068
3336
6754
9538
5186
8445
5153
3093
4026
6565
6599
4483
6018
8523
8665
26
4165
6795
4014
3347
5049
5899
8566
4070
666
294
6637
3925
803
9633
9473
3824
6914
2493
3777
7411
7914
5233
5433
9307
214
8905
4436
836
4734
1124
8732
3096
1967
7727
304
7381
6429
10
5555
9518
2115
8148
3076
5626
8704
3854
4744
9041
4567
9215
9742
5334
8888
8875
9005
6072
2311
2484
22
671
9926
5473
1533
384
9466
5055
1856
8809
5986
6020
3716
692
6298
5088
3877
7164
2589
8371
7065
8852
7957
6938
898
2601
7498
4136
2294
5747
9940
9591
7688
3509
693
2766
4268
1659
8773
9342
816
7835
3465
1080
8994
4156
7012
437
7586
3823
9787
9145
4881
2651
6003
2461
660
2926
1865
491
5667
4596
9772
8730
4380
4089
9212
8468
2323
5586
4712
8480
1446
5445
4113
4756
167
6262
3223
2652
3369
993
8213
6096
1543
2296
5607
8336
7627
5817
4271
7937
2005
1014
4801
4569
8624
9663
5362
5728
9922
7545
495
1382
2386
6948
7740
9385
9856
5983
5348
2225
2992
6686
7569
7624
5093
9938
661
347
9619
871
6498
7079
9874
5902
405
1759
9543
2360
5782
2900
2086
9226
8085
5151
6096
3722
9116
2339
6042
4468
9361
1929
5321
3414
6996
3116
9229
4370
5323
3701
5735
5807
5686
764
9501
9688
5260
4820
4547
329
6164
1181
8864
3096
829
7687
4380
5968
8050
9019
3919
2449
2926
2488
3370
4208
2063
2774
6588
9567
1671
4387
9340
8888
8150
9670
9290
4945
9169
6291
9932
3701
1012
18
7780
3995
4813
3694
7979
3406
6434
4642
8450
799
3814
6609
2924
9955
2079
9810
1311
4577
3646
1844
2887
146
1569
3297
5901
1091
1199
4531
9874
3961
8013
6685
1101
992
9716
3198
3944
5830
9971
3232
5666
2004
1126
8634
3281
5955
4562
3517
8226
915
7387
4361
2852
4242
8531
4920
7183
5646
7157
7193
4604
5983
2535
3470
6237
9148
7034
5442
6579
6131
4708
5300
4959
6711
3515
3417
661
844
6490
9349
3210
4003
4345
3987
762
133
4988
9229
2020
7088
6439
6209
6368
3936
3520
1163
8271
4854
764
9435
2113
7862
6351
707
7676
3751
4584
9799
4976
4933
5818
480
8103
5094
1160
8826
5905
3341
2796
7869
1783
7853
2092
2175
3842
4913
9643
5215
1024
7830
4301
8466
5957
1498
5308
6461
6561
398
4451
948
1048
7967
3201
3922
3711
1372
7429
2164
7069
1028
4607
9820
4477
33
9757
2233
5082
5563
2480
665
3820
8050
6647
5172
8691
3301
3330
9444
7405
2421
726
6013
3139
565
7613
7196
5625
1068
2586
3089
4787
9682
7911
4592
7871
2522
5696
6641
8363
8634
9288
9886
7296
8707
5876
2509
3755
9367
8128
4866
1881
8896
2823
651
9644
7907
7119
790
4903
5602
3154
9554
3025
554
5514
7663
4004
886
6985
173
726
5863
8747
4804
4757
432
6011
8606
6417
2415
641
3840
1286
3730
6886
489
2419
657
2453
2840
4916
3074
4663
5855
8526
3580
5185
5017
6173
1955
7526
7356
4110
1620
2952
9900
8414
9984
8378
779
8953
2779
7577
7542
793
5833
7858
2739
1201
5091
4611
6716
3251
9840
7077
5663
126
8385
409
8334
7890
8266
1687
9135
8743
7469
8803
3819
7500
9435
9604
7777
8517
8803
3935
9348
7462
1652
9907
4922
3679
567
3666
8269
3384
9122
5398
62
5430
5478
6846
4974
8973
133
3055
5364
5927
464
7118
7509
4605
1665
9698
2110
1885
3756
4860
3870
2282
9285
3382
4431
1563
961
2095
794
8532
8944
516
5549
7974
8837
1571
2393
6793
5854
6060
4789
6097
1063
9431
6589
8635
3784
6244
8672
5426
5523
802
298
3729
1513
8470
6449
7507
9153
1366
9269
514
6335
2039
4068
224
6096
1058
323
9985
699
5469
9316
5785
5714
8293
8842
5048
823
6594
1069
651
5398
328
1280
1843
333
9239
7065
9529
4182
2356
738
7870
4151
1194
8723
7451
7301
9507
4938
3253
5325
5380
6744
1040
6464
3175
5808
243
3257
3342
224
6482
1330
741
8812
2311
5210
2709
2117
8000
2368
2769
3480
2095
3884
3530
2579
6993
6607
7196
2357
848
7198
929
1807
6983
9130
7915
3164
6012
1466
2385
828
3716
1234
8038
9080
6950
3433
6087
3592
4276
9997
8587
7850
7334
7014
2484
7374
8357
7608
7591
6593
1077
4358
1083
1612
6831
9279
9833
36
7034
6888
9938
1155
4298
6067
9761
6107
1591
8778
6050
1334
6422
2525
9550
465
9510
5306
4575
8093
3204
2060
9553
5608
4231
3794
9353
9692
6937
6250
693
7585
5026
6170
4082
1438
3296
7629
2499
457
1845
9129
5968
5960
3124
2912
2023
3733
149
30
7117
8433
6513
3939
3212
5960
4688
2355
1283
989
6457
3442
7781
100
5948
1575
1620
3508
9801
9345
1016
684
7416
1579
2724
2603
5615
909
8664
7380
9772
5953
5188
9035
8440
5066
3171
8647
1435
4247
4228
7123
9129
8566
5038
3076
7368
8279
3247
1936
5832
9993
3744
4226
8142
7730
3992
9638
9397
746
6110
9544
8261
6215
7166
3246
5815
5179
6418
511
4970
2186
909
5485
3379
5610
8665
1828
2249
6183
6326
4266
9590
3419
5510
6687
1918
4457
1317
5957
8119
4908
1179
9538
8391
7129
6698
3984
6969
9690
7186
7519
929
4294
5192
3634
6930
1850
1661
2326
3293
1213
102
8045
4961
1176
4656
5393
2937
6623
1630
1998
200
2734
9377
2948
9752
9515
1215
5684
276
2467
1668
8567
5879
5266
2456
7723
4931
5423
9012
6520
8887
2262
4708
2119
4520
1808
8238
2455
1992
2139
5861
2556
4362
5005
5422
8724
9918
7688
3759
2264
6011
1694
1581
478
4796
69
6993
6346
1732
99
7054
739
2628
8064
1839
7608
1584
7834
2761
9852
1187
5346
1522
4377
8729
5937
7739
4869
4353
4185
8860
939
804
266
7254
6945
7435
5916
8302
2659
7851
5807
2828
6468
899
584
2634
1938
3774
672
199
4665
7625
1483
2916
6672
2547
7899
5340
4689
8853
9531
5653
229
9477
4222
5787
5018
5142
118
1297
5827
6191
1426
523
9103
3720
9975
4696
5352
6169
8236
312
8345
3276
5345
6391
6511
4910
1787
6434
1179
4281
1098
1636
3249
5012
5579
6433
9944
236
9397
3167
7256
7690
6600
8295
5041
8955
8979
5921
4174
6547
7421
9937
3757
246
4763
3981
4332
4395
4366
6495
2224
8104
4758
6684
3094
7145
3978
5277
2812
7475
3491
8953
8145
4749
179
1146
1959
605
150
7118
8034
5121
4518
2124
3907
6085
5762
2367
9147
8453
8655
4667
8185
2701
5784
6791
8504
8439
2270
845
3373
8802
5223
1337
4529
1588
943
4249
186
8046
4865
2831
7898
6547
2558
4362
2135
6002
1699
6882
1593
2870
8769
3591
6413
7843
6267
7535
9144
7310
2502
2461
7080
3000
9481
799
2475
5892
6830
3648
8593
890
9379
6903
8400
1666
4003
9990
322
4016
7034
2514
9033
4737
7689
5785
1628
2790
526
8204
1085
8979
4358
7685
4612
5896
1946
3815
1245
474
5019
1360
3289
3176
8641
7752
8046
8187
4786
7212
2709
2489
5878
7271
847
8679
297
1264
4153
8223
8319
1602
4017
5770
6314
3455
6753
2130
3979
3463
8215
7904
8591
2111
4840
3253
3086
7307
2922
6813
368
6318
8392
3855
1388
4744
4321
4022
6931
8297
9949
5269
985
4458
5861
8021
2247
9065
2898
5041
7730
8879
6454
5016
652
1917
8978
6551
1162
751
1218
8291
7472
5507
1400
8060
5249
7771
4480
7773
7532
3077
9288
4983
5208
6556
9759
9912
9707
462
925
6676
8089
2323
8145
7264
1871
2876
2891
887
1198
6176
6219
9542
3962
1709
9651
9831
2138
7083
4893
2167
1911
6319
2308
6463
9757
2003
8517
178
6714
2785
4331
4234
7597
2073
3973
9146
2961
5877
7115
3300
3731
8096
1638
5395
5486
2190
6726
7486
5582
1016
9298
3260
8371
498
2562
4745
2647
9893
7367
9945
3812
1504
6389
6279
9419
186
974
3731
6748
5442
9882
6334
4900
6211
1410
6225
2610
2807
9621
2535
9761
1604
9016
9518
3436
9250
9468
2178
703
538
508
3525
5488
6806
6990
988
3960
5338
2788
6218
9921
4720
8710
6414
9185
2750
5755
5095
350
9249
5681
7443
9680
6257
5998
2157
5901
8551
8170
5828
1447
6305
8394
9287
5615
5482
6042
2933
7021
2790
2272
5033
2916
8328
4884
5793
9306
8688
1241
4957
1189
4898
8347
6354
2270
537
1734
8910
4444
205
1873
3276
5854
4947
1216
8070
4706
5914
1805
8367
8824
130
8226
2046
2256
629
6641
1329
5532
7533
599
6711
9389
3028
593
3569
3619
7210
1253
6789
6013
240
6982
8511
24
7849
74
6142
5141
9931
7566
4828
4061
6931
2749
2063
487
6200
9631
6071
1126
2542
7392
2605
1853
9025
6390
7537
2380
776
6100
7651
6031
2870
2644
1407
3747
9078
1720
746
1931
4636
9756
2776
9392
4202
2814
1518
3250
2405
8588
2735
2103
3773
8547
8323
1672
7179
3303
4275
1629
3492
347
9548
9738
7340
2350
7620
4038
5495
2763
8916
6446
8629
8740
2893
2193
6262
2694
1429
2643
934
8582
5362
6727
4115
6848
2339
2415
5162
5850
3788
3660
3682
1109
6020
9758
8868
2490
4823
8889
2854
5362
9092
1000
4969
7789
9917
6842
8177
8245
7529
4556
7333
298
2260
8451
1260
5326
980
5706
913
5286
5738
2274
3029
2126
2098
7858
4564
6666
9972
1846
4840
7135
9907
3398
7682
2225
5330
5698
5220
2114
9931
3846
606
8784
2795
6779
4706
8994
2122
7895
3735
9313
1094
3760
7846
8967
1246
4685
147
8401
9884
2534
8087
8870
516
5178
1222
3108
2513
5325
881
8408
7164
5646
2338
6729
834
9026
832
7859
2751
3625
9951
3067
8159
6115
1085
4354
7870
5931
7780
4348
2887
2668
5628
1987
1720
8243
9613
8648
5680
677
3428
3673
6534
5972
3241
5462
9991
7091
3786
3479
3973
744
362
2900
2872
9323
3479
1604
4210
9144
7790
3215
4251
3928
4499
5550
8991
232
2851
5279
2801
7121
4193
8476
9259
2013
2947
5415
2993
165
7855
5867
6596
2141
1704
5843
9098
889
2761
4720
1747
570
909
9005
7939
187
3239
6709
4514
7453
2498
4646
7512
1702
4526
779
608
7081
8971
5530
9468
9084
2846
4597
9777
9858
1795
5847
4729
8804
3637
7268
5018
8689
5747
9505
1478
7959
3603
6878
4727
5399
4929
3608
7383
9586
126
4692
9491
9343
5020
289
9935
8849
2626
5645
4698
206
7172
7401
3525
5738
7774
9788
5927
9730
8023
1549
1307
3396
6832
6908
2910
9270
8209
9448
5183
1822
58
9269
1987
3418
9265
5068
442
1300
3349
1341
6089
227
3206
6327
2056
1557
8422
3490
6720
9789
981
8496
1514
5374
9134
3638
7192
6907
6445
4580
4677
9178
7333
4003
2297
4395
796
473
8758
8668
3170
6295
713
2839
4632
9715
4393
5552
9183
8794
1551
1861
7543
2172
5444
8531
4867
9907
6964
1488
9530
6104
527
1463
2827
8259
8493
7305
8798
5844
2716
8209
8925
8710
356
4360
81
6659
7500
5678
5297
925
464
9076
6639
7830
1853
652
7627
568
2387
1776
6025
7425
2044
2072
6840
1568
6555
4642
9320
5365
4477
7303
8282
6287
9828
6369
6661
3785
4766
1278
5508
461
783
1322
9717
2213
1627
1297
3009
3079
9988
4250
6855
6031
1663
3153
4040
8473
4418
4727
2834
9866
6300
4902
7158
3864
1931
9372
3430
7522
1357
4310
6183
9482
6319
9475
6006
3204
8213
8228
185
1036
730
5577
2251
7169
9052
2265
8766
4796
2964
598
5491
3915
1124
262
3334
7720
9805
6141
6275
4663
2535
6671
9094
2315
3029
1325
7229
8512
2271
1048
8444
302
1380
793
7563
8561
9590
6158
9910
7692
7650
1275
8339
1923
4197
8480
9456
54
12
2668
9443
9361
4147
1097
4859
8120
4602
3908
2219
8020
602
1621
1925
3554
6840
2852
7231
1359
500
5321
5320
2810
570
3990
7726
7762
2382
3028
556
6955
2796
1653
4103
9158
5781
7507
9973
4266
6697
5153
7284
1036
319
887
9146
9835
2347
1492
8398
8720
3120
3769
959
7967
2410
6229
7057
3910
1371
3460
4524
6204
8566
519
321
6074
202
2241
372
7122
4743
4202
3838
74
1282
9537
1580
4677
1091
2696
7725
4383
2004
115
9818
9109
8980
4615
8215
2485
4727
9211
4480
1375
6569
9178
4726
7639
1633
1106
8130
7440
4363
5744
5003
4860
6017
8759
1425
2672
976
7501
2675
1216
328
4347
2244
6641
3165
6218
1156
3957
4106
9928
4384
262
4232
6204
468
705
2542
8474
7680
1827
7145
8024
6189
782
9253
3769
9955
8626
6985
6815
7233
9895
442
2652
3570
7435
9012
333
710
3226
3461
2265
3953
5428
702
3568
9928
7980
2918
6979
8116
876
9175
8013
7029
3062
7877
7882
1578
963
639
9867
8921
1329
301
4331
4038
956
4646
5488
4641
4062
402
6423
4620
9718
6490
2700
1969
5398
1312
7114
9610
5252
9119
7968
9321
8464
2968
6626
732
1279
893
2780
3467
6911
169
5858
2007
8725
1043
1231
9882
6604
4230
3335
2483
3817
7892
789
5316
6700
4699
5568
4743
6104
4460
4217
4490
2118
7337
6966
2555
4190
3909
5802
4208
2358
1595
7105
8101
2398
1063
3659
2825
1542
6722
5246
9433
274
7951
1129
6804
2141
7031
7234
8141
6275
5406
9814
9664
7126
4710
8540
4592
3288
3293
6400
2156
9696
3746
9084
1766
1593
1597
5663
3324
3866
7033
4354
4593
1538
2004
5944
8920
1497
731
2965
8366
9366
5925
2636
7446
114
2000
6137
85
1702
4031
5739
351
2404
2138
9856
401
5159
5199
3278
322
295
8363
1268
7680
1330
5785
1211
6257
4349
7363
4514
3791
8563
8087
7309
9467
8181
9577
8147
5952
4938
1543
3569
575
598
3512
7402
7968
6745
6372
216
188
1536
2496
9452
6846
6752
5540
4585
5225
6895
9560
1481
1909
1602
8100
1443
7244
5735
703
8653
320
3873
6524
1685
5832
9505
2934
8658
4458
1072
9172
8102
281
4122
3250
1202
8316
6098
3258
2777
2187
5611
634
3284
2369
4564
6954
7464
7313
4087
8543
1013
3373
7616
394
9785
5231
2915
1304
4024
2811
615
2434
6994
8358
5742
9341
4621
7449
7113
6428
6440
2166
2689
1552
7451
9584
5006
4142
5964
7994
4255
2039
1393
9340
7468
4644
6928
2443
8577
3641
5361
7616
4628
723
9084
9259
5449
5991
7426
4703
7720
4143
8512
6064
1730
2623
4037
6670
5653
2774
9370
28
7187
3186
110
7011
8154
338
9750
8380
4489
795
593
4310
2885
4808
9076
6130
6393
8459
7071
601
5375
3638
6411
5803
8018
6218
3360
8190
4064
2352
3665
2338
2005
6715
3863
6975
6176
3600
6869
4812
2274
4674
6630
3396
6658
7339
9245
5161
3396
1067
1846
4027
3078
4298
9701
5271
6477
2584
6565
9963
388
5666
5356
8700
5741
4427
7087
1030
2733
5544
4234
7199
847
9068
9942
547
5809
4145
5207
743
4857
2285
3445
2211
3090
4523
7374
8766
4322
9450
8091
9705
5429
6702
4060
1501
5237
6521
218
9591
3802
9254
9879
6512
4529
6505
4167
4924
8024
461
6774
7825
911
5445
9510
2557
4640
3280
3819
6382
6299
2554
8164
1354
7987
6892
60
4746
5400
7452
5743
5205
1312
6701
2269
458
1233
7151
5657
2483
2460
464
4243
4570
3898
9968
2603
1769
379
6697
3957
4193
3428
1637
1979
5580
6988
9225
5487
7970
801
8286
500
5363
7942
4662
5394
7968
1289
2749
2583
9451
9760
2729
4241
7213
9554
5644
3453
9349
5287
6933
1552
56
2005
6015
4889
5094
5465
744
7683
1878
8571
9907
6518
7143
3857
9208
1160
4166
5388
240
2890
2362
9384
9396
9567
4923
6644
76
999
1967
6081
1739
1814
5144
6916
2786
7658
7930
7075
9074
5008
981
1803
9935
3092
4504
8228
5418
4597
9039
9759
2129
5897
5548
7135
3619
3597
4274
7799
7715
4911
7712
7655
504
6280
564
615
5620
9456
7866
1253
4268
8936
1293
4530
7543
7316
9635
4667
8299
2422
8933
6095
5143
716
279
6374
1139
735
2691
9683
2694
6815
678
8594
8427
675
971
2028
3989
4812
5622
9600
1726
1154
8871
9077
5040
213
9360
920
9944
1014
6867
1758
4092
6498
7493
5087
7505
3245
7079
6339
9377
8311
5958
7405
3156
4651
9603
7084
8464
1492
1997
3804
4508
361
7939
6681
4414
4400
7583
4544
1594
3886
712
8827
9052
5024
8200
1634
4179
1612
6170
9308
1930
6138
3993
6684
1868
5837
6836
2782
3562
745
9663
7868
2106
6039
4924
520
1398
9677
5871
3186
248
1269
7573
1609
6498
4120
4028
3446
2819
9487
1035
4130
3606
2824
6312
3887
6823
5954
84
6408
5259
9108
4290
2881
4202
6280
2633
7304
2935
3644
1004
8307
3716
7599
8072
5996
5323
518
4046
1632
6219
1889
8217
8390
8807
9390
9623
1913
5732
5487
114
11
8349
4451
6344
5218
4997
3019
741
378
374
9093
2053
9378
5390
9276
5246
7284
7098
1150
9861
9627
5158
2891
6024
234
3915
8732
6136
8529
4670
5565
8350
8858
6069
5488
4564
3886
7475
5887
1152
820
3341
6225
7526
7870
9954
2286
991
3893
8098
5848
5063
377
3730
7413
6778
3068
1810
9283
1410
2554
4950
9969
8135
9687
8636
7867
8463
818
6215
1473
5695
2412
6771
2026
9210
7257
2256
2805
5047
7874
6974
3519
830
952
5995
2824
6216
8593
9739
6380
384
1288
8441
3075
6064
7213
6086
3781
8931
975
585
1692
467
6971
4782
7083
9991
5926
8101
9758
3748
8385
9240
7200
5188
4849
5517
5616
4947
7160
4403
8137
4059
165
9911
6677
3684
6713
3343
3888
2224
7956
4253
5865
7439
8018
6834
5692
5777
6322
9469
5956
1536
7863
7059
9362
7829
9702
4311
757
2184
70
499
109
8306
2882
2630
674
1646
7769
8537
6614
6818
2379
2315
3592
9389
5205
6832
5566
6350
2096
4783
9221
8638
4775
700
1741
1828
2207
7390
1092
5503
4008
2083
481
7736
3921
1562
1414
6605
5274
5260
8296
3459
7125
3231
2639
3794
1382
4149
8972
589
4653
5482
2023
1864
2203
7335
4681
660
1180
2753
1840
6523
8840
9464
5916
6189
1976
7108
1849
37
3283
2031
1575
4484
6370
346
5441
2211
9146
6773
5990
7242
8432
7598
9428
8358
3352
2627
9258
7675
489
4373
7646
2666
1430
8909
8388
5467
2826
1617
7058
29
7002
8267
4281
2330
6260
8860
1188
9091
898
2019
9703
6628
896
9292
7901
1589
5241
9704
1845
8138
1735
3667
6935
9732
467
6854
2169
322
7259
9760
63
227
614
8251
3810
898
3052
6578
2920
3417
562
7753
591
6422
6348
8900
7555
1047
3170
7459
8395
3514
7919
3351
9102
4957
4436
5392
3648
2431
8495
5129
9401
5560
608
324
5824
6878
1015
7210
2050
6814
1
1323
6035
2682
590
2590
4133
7745
4714
3195
3695
3083
9913
4022
6740
2963
353
2059
4853
3620
1796
4341
6591
3182
2485
8841
4322
4385
2998
1879
9714
4235
8590
8832
9560
8985
7565
6713
7244
8177
8368
3155
6018
7604
558
427
8770
8740
7248
548
4464
4308
6708
9200
8947
1288
8458
5456
2552
5018
295
1900
5431
6830
3615
1668
7416
1686
7601
9841
4919
6409
729
1848
5030
877
7488
7995
9914
8772
2024
5954
4386
1897
4213
6199
7562
1962
3909
2027
7990
34
7373
9449
5090
7427
3504
4471
230
6820
5670
4292
62
3480
1843
5343
3265
3710
3083
5525
5093
6175
9142
1112
7058
4407
8727
8221
3815
7990
298
9916
3784
4795
246
4067
4111
1399
9527
3128
2574
2561
3246
900
1078
8238
3072
7427
6638
624
3842
9598
9225
7790
1643
9206
4613
6535
8757
2704
5340
8862
1272
9397
7052
8829
6114
9196
8160
9266
3839
6924
2573
6328
6807
8134
987
8181
9578
3788
1538
304
1045
3716
5183
4442
2914
5169
2052
6589
8288
7504
4379
8161
9551
8842
3780
9217
3979
9812
431
2391
5216
4751
5924
168
3336
6491
8607
4438
933
9599
5898
6563
4825
1136
2944
8834
5105
464
1147
9622
6556
5683
7086
2416
6542
8268
9888
2819
8845
5153
5592
6643
4303
4716
9208
5702
8666
6539
5245
2393
8963
7341
7727
4625
660
6421
3055
5598
6
1215
2926
8066
7465
9404
2579
7720
9037
691
6484
4078
7084
301
226
4555
3793
353
8611
2604
7571
4763
5046
5629
960
7112
1580
4328
3570
7920
8142
9297
7641
4982
7492
7930
6484
5694
3749
716
4096
3261
9486
5485
4054
46
3122
677
3742
4119
1116
1197
5638
9624
7682
6476
3895
3115
8192
4244
5358
4146
1925
9383
7121
8760
5531
6094
5115
8915
7714
1685
7775
9397
2272
6346
4787
4183
3678
2509
5440
6949
9813
5951
7710
2577
1839
9558
3399
5800
583
7157
1417
8787
340
8826
4639
3367
1995
69
8155
5084
2362
2486
1361
8034
1092
2118
7324
9423
1810
1766
4774
7888
141
6865
2579
6080
941
7556
5603
4415
841
4160
3056
8589
2885
9522
9698
8719
5875
8413
8226
3813
3432
2514
1928
9584
3044
829
3332
5623
8806
1063
8978
3823
8431
5358
4310
8030
8933
3525
8080
9898
7175
4329
8471
4707
3213
5011
2432
8998
7027
1915
4706
7924
5113
8780
4280
4746
8878
5971
523
7149
4331
1288
8905
1325
5662
7195
2222
6994
8817
6457
6935
1557
1109
2741
7220
5460
5386
9231
4918
7323
9463
71
8981
1205
3330
2861
7467
2465
1460
8573
5963
5867
8612
6908
5159
4526
8831
51
3946
7120
4742
1691
6584
1211
2584
8200
8224
6733
5713
5767
695
2733
2460
8178
2303
7371
5218
541
9136
3548
6116
8927
2215
2075
6279
61
8876
2920
9421
4594
8342
9841
5894
9366
1897
2717
1588
7392
2069
2525
6848
6202
7144
4848
6787
9791
7147
3137
2218
1906
5334
5241
1953
4871
8869
8838
2864
1102
7658
8845
2370
440
9174
6263
5871
8651
6460
6927
3485
887
4419
3020
3984
3130
3486
6891
5222
1912
1700
2307
3588
6175
6851
5561
1732
7773
2727
61
4709
803
5842
7389
363
9256
6063
5385
6033
88
4575
5015
8356
7042
3543
966
2091
7856
7736
1308
8995
3050
8760
3679
7124
759
9719
8615
2903
8191
4158
4218
681
9278
3404
7601
3967
9196
7972
2923
8986
7220
1058
9846
6776
8430
1434
7766
2424
9610
1834
1035
261
8802
6208
4539
2248
3291
5950
4103
2479
1911
5912
847
6923
2686
6947
2615
2767
3766
4866
347
94
3772
9294
8338
5739
9224
2586
9621
9353
4996
1678
1804
8773
5859
3557
8024
6883
7964
8618
9901
9752
7865
1964
3085
5615
6353
8538
2346
7072
9453
9117
496
8443
4857
1364
9582
6380
5792
1222
5140
2520
2523
3086
8430
7239
9615
3041
8561
7260
2684
9361
1266
3568
8324
6333
1247
2569
2354
7693
6089
9979
9080
5816
7573
8466
2682
63
6833
3101
5709
5895
3162
1990
4074
8777
5096
4181
3560
8312
5838
6265
6267
508
5225
8326
6066
2677
8867
7235
1403
3849
6242
5003
7676
9788
8907
7241
420
7246
1871
7950
733
3321
4052
2108
9744
5589
5062
4862
3200
7676
8592
9132
1737
4630
4355
9788
5135
1513
8784
677
7947
7968
7317
7829
1500
9438
4449
8266
2893
970
4810
3924
5554
5297
7496
5083
1476
4438
1531
7156
8738
3508
9396
7279
7139
7980
3032
473
9663
4130
566
5059
604
9466
8170
1544
2394
1839
4607
2923
6168
2999
1078
316
5516
4913
9704
526
5855
8213
3671
9087
9704
2640
2241
1683
797
2857
2599
2930
8737
7526
8455
8329
6631
9597
3732
4045
4999
5535
4424
7600
1155
6167
2894
6629
399
1059
6233
4129
5862
9994
6293
3126
2950
6283
9565
2755
4943
190
6144
9586
5049
336
7331
2536
5597
5633
5466
6949
865
4453
4497
8994
134
8937
234
9789
9184
2430
4550
6134
1853
2521
9928
3061
2899
1446
1338
4162
1735
2507
4448
9018
3596
3967
8163
1745
4955
454
4941
7112
9745
1467
5515
9933
567
2132
5257
6856
7679
5834
9145
6879
3067
288
8735
3588
7347
1980
1778
3843
9663
1166
1017
726
2594
8682
831
5692
6766
3412
7001
4417
3451
221
2701
619
5038
4213
1619
9249
8796
4134
5925
363
1123
7787
1841
80
3143
6362
3288
6138
9895
5487
5438
2889
575
5040
4527
8059
8027
9719
8198
7275
5229
4118
6361
7583
8729
2737
9626
2313
5751
4109
4069
2877
5243
6280
8640
2077
3150
6636
515
7534
6178
3714
849
4185
420
9368
1564
2783
7520
2760
5699
8693
6936
148
4368
7361
6662
7022
4307
5088
9632
6629
3410
9590
9855
2197
4877
3472
523
6485
1004
6846
6859
7900
3553
5485
8424
3785
562
1033
293
9731
7692
2762
6595
9125
968
5411
5160
1693
9381
6510
9292
7860
2383
101
7867
8433
533
5542
8427
2396
5620
7885
3207
7784
5907
5222
3893
1205
7029
1337
6192
5766
4785
5196
6165
3510
6425
4475
8418
4871
6991
8990
6221
9369
4203
1785
314
9958
815
3139
360
4884
7444
1890
5124
9384
1377
2783
4482
1893
7463
239
5573
2029
4632
1949
1988
8681
6462
3555
383
3694
4142
898
3606
8165
4177
187
9205
1263
2982
4164
1324
4503
452
3293
5769
8214
7130
2898
9639
4290
5011
493
5517
6795
8581
4158
3562
1015
4447
6730
1680
1661
5031
6593
8723
4630
9812
1411
7974
2628
1050
7714
255
3410
2265
232
4348
4636
2156
570
8784
9091
2701
8367
8511
5875
9001
6951
1216
5942
1217
5223
7473
5197
6542
5167
4118
5236
7890
6653
4556
23
9951
5941
8127
132
6547
800
3443
9486
2396
2982
9276
1413
3965
2151
9019
3200
9288
7073
2314
2341
4031
3792
3173
5670
5663
596
9967
1984
8885
4017
4740
4106
8722
948
9035
4132
6490
8197
8817
4995
3338
1813
6597
6928
69
2326
8361
9961
8807
3622
6527
8130
5392
3210
1245
973
750
1941
5567
1418
9457
7915
3356
9437
5899
6725
3527
284
260
3126
124
414
8294
5380
8635
6076
771
8454
7228
3113
3372
924
2743
2928
1994
6747
5773
3548
4755
6212
9045
8768
8601
5242
6866
2146
3227
9909
243
5636
3144
5955
5461
6005
5617
5268
8349
6602
9055
1748
3302
6978
3613
6567
5588
7400
8642
5403
5307
5557
7890
1464
3257
4009
7770
3421
8220
3603
7031
4109
2052
2431
4673
3810
1387
1413
9603
1523
9841
5486
5817
7953
4509
8250
2118
7636
6493
6623
265
4003
9774
6348
4561
7447
693
596
4654
1776
2763
698
2776
8934
6149
6629
21
2148
3358
9249
7575
5845
7518
6892
7361
5515
9160
79
7113
7594
3990
3352
7653
56
8262
2135
4591
9673
4453
5875
4117
7366
9753
3943
9865
7994
3227
6904
7300
6128
7525
3964
4434
975
1114
9490
4857
8643
554
2387
2439
2331
3694
7939
1214
9841
3242
6409
4077
3727
4978
1414
1570
2973
6481
6324
6273
1245
8176
8610
899
7154
3239
5669
9485
6542
1395
7640
7842
366
842
8673
4960
3013
7823
8587
8908
8874
6402
7
3937
7406
319
187
7451
4222
5079
5105
5002
3618
3350
3967
362
7649
2633
6352
5527
6264
4847
7771
5838
1051
3618
9036
7753
4085
9150
4987
7983
2734
6367
4348
1423
4036
296
8132
3076
5128
1812
4306
6650
2930
3882
4589
2788
998
1136
4401
6077
4243
4013
6661
7233
4324
3656
4351
5184
186
8478
948
2006
2219
9309
4953
7615
3904
3614
2585
1247
9275
6864
6750
797
9305
4897
1429
2209
2287
1172
3068
4937
3132
4945
6545
2358
9836
7023
4145
4330
2595
1429
7382
5144
1790
5637
347
6302
7355
6832
7969
3215
4953
3660
1923
565
7031
9972
5412
9620
4940
9224
8496
7230
6546
3113
9998
5162
5760
7868
5684
1078
3368
4147
6135
9523
956
379
8491
5701
5028
201
445
1740
9222
4569
8454
2825
9844
2493
6799
9405
7281
2013
141
1362
1223
3394
2512
9551
7202
6683
4435
655
8951
9459
6721
2995
8107
8836
1275
9453
8631
2918
2145
376
2467
7927
7381
9345
6140
9110
983
7444
5158
6164
8207
9823
4644
9493
6612
2584
488
3168
5199
6292
4074
2735
9896
6449
7524
836
5251
74
7563
5335
5120
1873
8189
3989
287
7427
1145
2080
5828
7507
2489
5982
7070
2716
6466
1301
3253
2457
5424
4308
7037
2979
9901
1188
3960
6054
1286
384
9282
133
8240
3855
1018
1346
5195
9298
4122
488
3804
5203
3563
9567
2285
1963
4632
6397
92
5973
7358
5587
6295
5841
1305
3932
5072
2188
5421
1230
7623
6500
1131
5164
5837
7180
2188
5944
6893
2177
1426
1470
8216
7941
794
137
8215
1996
2698
8457
780
6271
6760
2884
961
361
4573
5260
4834
8603
9563
9468
9704
740
2302
9133
3691
2702
8763
9457
5198
7411
9705
3478
4044
7570
5152
5666
9940
218
4196
6189
2327
9945
6553
5815
2410
3298
3922
9785
9005
1014
427
5864
2026
8964
9428
6378
8447
1652
3020
1614
9280
3046
7862
7319
1663
7910
4427
668
767
8628
8275
2153
2990
5335
8142
4267
4944
5877
2444
2893
5692
2160
197
1927
2925
1648
9005
7138
3385
1087
3046
1991
4114
3712
5659
9424
8200
1379
5874
6410
9989
8346
8606
4371
1345
8095
6211
9080
6260
2749
8496
1862
8912
6766
9139
7090
4964
7038
1693
7485
5557
8278
899
8177
6841
4172
9833
8494
5452
9816
5165
5152
4952
269
7604
788
3130
5851
8263
8765
308
7325
1677
6073
2751
3670
396
1988
286
6387
9717
8251
8263
8704
9415
8236
4718
5157
597
2101
5338
5248
3797
9305
6559
3035
9871
7975
5136
5608
8268
1868
5072
7543
5279
9716
203
8684
928
163
2741
3396
6436
2535
4132
8490
664
2168
9528
6836
9797
2717
2248
4697
6056
4069
8955
6095
3700
1371
58
7254
2676
6872
6802
9277
582
6502
3211
6118
6509
8248
2990
1651
8336
5007
2774
7548
459
2453
933
136
7866
2734
9358
4255
4638
6181
4102
9698
2226
4120
2257
4771
769
4572
7688
2776
458
1661
2496
7576
4430
200
1995
9628
6094
6649
7314
1627
5074
4810
758
9269
4533
6204
3853
5442
2698
928
5241
9988
3618
4428
5683
6480
6607
3465
6345
4377
91
8319
872
5673
7384
1567
7719
7429
3138
8644
3099
4521
7864
1890
5017
113
1673
6338
1717
7113
8502
1747
5289
2707
1962
6470
7557
391
624
5399
1333
502
4978
9721
4042
5559
6360
5548
6661
381
1156
763
3948
1629
5983
9957
3485
8602
9391
3893
6401
2597
8379
8362
6973
246
9562
9707
3318
1804
2505
5666
2283
6262
4645
23
3224
7121
2936
7650
2976
1583
4623
6794
6222
2592
4481
2487
891
577
7365
576
5410
1419
292
6217
3753
7177
148
4462
6038
557
940
7336
4758
8806
3860
472
8752
5751
3140
6709
8042
9670
3084
9603
3243
9648
924
2880
3199
987
7685
9506
1217
9686
5274
68
7853
9371
4888
9893
9316
7701
4581
6310
8856
9031
9787
6440
2283
2167
70
2974
7566
4708
5233
3135
8154
852
8522
7848
9982
6000
8253
678
970
3670
357
843
4484
2093
2346
6786
5917
1062
7023
2116
3940
3062
5237
4935
4327
1683
250
9137
7680
4319
3667
627
4547
9506
8073
5152
5226
2921
676
9807
8654
973
9365
871
1157
4315
5843
4768
7728
7378
1488
2123
7521
8011
6756
9167
3771
7731
9246
7323
946
7704
3256
6832
3049
8792
7746
2903
3821
3955
123
306
6910
7155
1583
1553
5038
5890
3900
195
4427
1253
3134
5122
8899
7012
2150
42
3198
4103
8020
983
715
9024
8568
8185
5064
610
594
5412
3105
806
6160
8153
9174
5146
7568
9037
6515
4638
2764
7526
1764
7185
8631
6634
2607
8397
5662
3458
9802
8958
9434
5706
7926
9249
4268
9775
6269
1709
8742
5482
3816
9068
4163
5924
6311
4862
2850
6029
6151
155
9702
73
3331
6892
2542
4764
3414
1949
7178
2771
4852
1064
9735
6046
2986
3354
2926
3653
6451
1192
4085
9843
6961
8131
2824
8108
3858
9151
4639
7882
7310
9061
3607
4003
2201
8858
3410
8101
8256
8284
7719
4878
1314
4416
4593
7325
3010
5835
3789
2127
1711
1811
2750
4707
8575
4850
7807
5448
1956
3583
6444
498
1000
7128
2434
4851
2499
8453
3744
4730
5310
3881
4216
6159
172
5702
8669
8436
1048
6735
803
1743
9538
1822
1765
9565
4147
2298
2837
6030
2086
698
8411
7853
2174
4327
657
1709
5680
4416
7706
3202
8113
395
5084
1716
977
4556
7100
4270
9170
172
5701
7277
3056
8672
9976
5304
6591
2955
5466
8445
8063
8979
1420
9284
1848
6155
6101
4578
8298
7631
3111
7072
8703
1429
4479
50
6621
597
8839
8226
8699
8011
5814
1079
1556
2410
9867
8470
7513
5205
6118
1180
1977
3668
525
1733
2654
1171
7701
330
8816
5845
2914
952
4963
9108
7988
1088
7957
9408
7918
5949
5181
1279
9286
4244
3148
8381
4323
9812
6061
2443
3680
1097
7186
5456
4970
6175
2141
3469
9562
691
6410
386
3676
5545
5415
6534
783
2495
7228
6419
5661
9969
1060
4633
1206
1098
4360
1663
5014
6863
3188
9577
4043
7162
2937
1618
8331
7992
1304
5900
393
4671
9607
2650
5347
4600
3130
5544
2220
7747
4689
4068
4148
3697
2256
8631
409
7570
9367
5130
7041
56
5002
9898
559
4654
3172
3973
1956
9841
2329
2867
3406
7050
8075
7298
1793
1536
4191
9801
2199
7134
3197
1565
3581
9002
8453
1627
7920
1685
6061
6638
1277
195
5909
5119
9461
98
6861
2935
2704
8422
3281
5037
844
20
5251
9086
9853
7780
6903
7379
4905
8722
3976
876
8321
4407
7341
5127
9724
9927
2314
8111
8616
5304
4637
8776
7943
3562
8825
3344
8438
9296
3590
6659
9556
7707
3835
5805
1069
7695
1255
1968
3970
5317
8745
5969
237
5118
2046
8999
6148
514
6805
5715
428
5433
5158
6316
7428
8448
1846
6155
8561
6073
9096
6077
864
823
7340
8663
9219
227
8758
8629
3311
8731
1357
1827
7051
3625
8084
6935
6255
8487
2389
9821
3326
5256
4897
154
6871
3279
7246
6692
6667
4802
6850
8361
7706
5630
1759
5486
5243
1444
378
3007
9199
4368
9601
1492
8729
8207
5707
6097
1999
7119
9724
5479
6437
2833
1274
2762
5978
423
2614
4593
555
9060
4371
8902
615
6419
9730
6243
8865
1645
4166
244
2429
2706
1092
5796
3002
8947
9089
7913
3062
1412
5562
2439
6570
5036
8329
3348
3631
676
4834
8946
6858
8369
4362
1440
5195
1607
3440
4965
5074
3409
9747
8094
7039
3669
2528
4459
173
5539
6005
6923
5713
9882
6347
6512
5344
3024
579
54
2481
1438
2140
6099
2701
7958
2854
2364
6705
6301
6390
2762
2500
6551
7750
9759
6496
7536
9367
6443
2066
8210
9400
6626
3815
7751
5273
242
6764
2020
8644
3857
8063
8062
8119
5257
1065
5700
9770
1090
4051
3052
9043
390
2607
746
6119
949
6187
6979
7236
809
4684
7450
2239
5110
8870
430
8263
5601
1135
2734
7496
801
901
8013
6376
6760
1807
7659
1205
1534
5546
3734
9252
1066
1533
7077
4206
4969
8828
2529
2945
8508
3645
5140
5483
509
5614
7494
1449
6163
5694
9611
2000
2809
2166
1781
5361
3577
8675
6605
5837
9721
9148
7236
4082
5689
9160
5079
9156
5875
1286
6628
7868
6285
216
3133
3778
1219
3458
2240
7586
8231
874
2307
7514
7777
3011
4884
1753
2432
7780
352
848
1646
9897
6856
3069
2740
6607
1170
8193
7663
5631
5211
2396
1349
9950
1512
3893
9265
2707
9889
4690
470
9991
5098
1590
314
759
1612
7289
2783
4884
5241
5222
4822
6632
7515
8774
8076
8347
7522
5323
4048
1562
3661
6394
740
1524
5149
8780
4006
6931
1957
7862
19
8845
5256
2270
2619
1416
3184
8280
4709
673
407
8207
5221
6933
3557
4623
638
4356
9642
1567
1676
1425
5699
5639
793
3163
2826
9133
6582
2194
5265
5024
8958
5118
5709
8841
8860
5778
4575
3601
6974
9948
9604
3778
2193
8324
7287
8144
7799
6231
1882
5842
6678
9067
5467
9199
8617
358
3935
4884
406
1269
8256
1355
3482
3684
8328
2078
3128
2222
4441
6351
5686
1986
8144
8479
1212
8118
5614
2888
2595
4660
3167
1727
9938
4147
3018
1207
594
1138
1765
7991
8504
6905
4198
209
3045
5351
8012
7621
4373
8738
5132
5433
4135
4540
9666
4854
9049
3055
1647
9715
9639
1969
858
6575
6423
181
3585
5839
2033
4705
227
8453
3234
8720
3639
1919
7230
1110
3709
1831
5612
8704
6360
5338
9621
5762
357
268
3088
2669
7823
3069
6917
4828
9183
8854
726
6118
421
3264
349
5535
7411
7849
9222
6597
4829
7797
1015
2235
4439
877
6748
7478
678
6502
3171
1334
6950
2367
8169
7501
1095
8727
8636
6280
2359
7134
5886
4769
2378
8478
8559
6797
9942
7089
5761
2849
4263
2585
2484
2639
1861
3571
3040
1519
1603
2474
8300
2793
7729
5553
9037
6210
7980
2735
2580
7795
9693
2753
1928
393
7572
5964
3031
7209
3424
9114
6876
655
1346
6176
3641
9242
1080
9907
5706
6508
2643
7994
4132
7082
8615
7052
7806
1681
9881
1695
5074
733
7665
5233
1650
624
3552
7322
9197
6399
1603
1775
8533
1841
8633
9159
4941
3113
1183
578
1446
1074
6045
2841
6930
4529
4775
9151
1734
7548
4189
3092
7411
5817
2805
7777
3427
7984
1107
8880
3284
5931
6337
3184
251
8796
7550
5165
9339
7888
825
5834
4427
9745
3712
1843
6983
6478
8858
6679
6803
3620
1601
9215
6417
3401
9679
3301
427
815
806
6212
9757
6531
1978
9221
2796
2585
8898
5143
5483
9681
8934
2822
1860
1912
6024
3182
1352
26
6913
937
7430
9551
2855
2769
4566
1063
5347
9275
111
575
5992
4245
438
8185
2842
7245
162
5332
130
9960
4962
838
3860
1500
1096
5927
3316
5314
9275
8542
7186
5980
9462
340
4002
7021
1744
1866
2542
3344
3341
1342
1054
7414
457
942
5890
5705
3519
8505
3310
1859
6309
9491
8870
6831
4415
7472
9148
5822
5102
9017
9999
8699
4717
2945
3374
2449
5326
7644
8674
146
7093
337
5676
7869
9719
1190
2472
8581
8763
1167
6335
6271
3679
8440
434
8254
2895
9531
6772
1264
700
9612
8264
9629
4466
6205
2547
4521
5810
1025
5683
4243
4306
9859
9793
9831
794
9777
761
3433
5954
6023
8739
6808
9881
2670
6855
1543
4376
1494
8867
7292
3242
2033
9083
9377
3357
7749
9969
3164
9930
7386
2789
8460
8305
7089
5604
6360
9177
954
6307
9561
3826
4743
2553
9135
2177
7727
1242
7993
5671
8920
9775
8810
7887
6809
4513
2617
6157
767
7464
5634
9016
4903
5681
7974
2884
6125
2508
7532
4212
9043
749
6377
1798
9953
5036
1385
7014
8889
5803
3421
1044
6957
3989
4327
9395
9749
7838
6807
2981
4435
2168
2200
5062
6037
8127
8471
1380
859
6153
9207
1330
6899
9098
335
1797
1559
9655
2265
3438
5451
3946
381
7938
2932
5743
4978
3351
518
4840
9015
6446
218
8784
3328
2289
2097
1747
8663
8168
6177
9247
4744
1517
7665
6962
9421
9771
6543
1651
7115
5481
9045
9517
6032
8962
1203
6710
6186
5585
46
5325
3245
4678
8845
8514
3785
8910
5453
9516
9911
1706
1986
6694
7505
9570
9529
7297
6083
1075
1989
1614
302
399
6523
6232
5231
3392
9602
3144
9160
3909
3949
8000
1102
3303
7333
3558
9230
4267
5848
5017
8939
4904
9026
6991
3244
6481
2180
4846
3572
3231
5806
1908
2088
8484
6055
5158
3140
7085
8633
9592
7627
8633
7757
4868
8980
1137
2281
7205
8629
1939
9042
7021
1328
5534
7931
3301
9087
3507
2283
6983
5058
4805
4954
5038
6850
8872
1949
7708
8389
7837
8917
5744
6343
1645
5945
3242
6106
2647
4484
2587
321
539
6184
3673
4677
7993
5816
3401
11
7964
4718
7102
7804
392
3136
3445
8021
8830
3532
2
3403
6523
3315
1730
8119
8852
5174
9859
7700
8344
2937
2471
6880
507
9394
6776
7171
2734
7333
9192
8524
9251
8539
7607
9905
5673
1562
1924
4847
6848
2246
2513
2539
5092
6406
1135
2497
299
6264
248
3055
4695
8099
7121
3497
4520
6637
2970
7713
5740
72
3960
7034
2149
2528
9017
9289
4306
4061
5737
686
8714
4442
7077
2860
4920
5921
3883
8612
6723
8662
8604
8701
343
1961
926
5205
3392
2454
2934
7474
9207
6672
9309
7021
917
7116
8039
3984
7537
8342
2577
9897
8120
3413
4161
1089
3212
405
563
8292
214
829
663
5738
9068
5810
1402
4632
9080
1026
6863
7345
2731
8428
7433
5349
8530
2764
2601
9742
4759
7566
3682
721
1820
7051
1554
6494
6071
3595
8478
9583
1242
1826
5297
3087
7649
784
9599
5143
8380
5018
9306
8117
2890
2881
6994
4963
3022
5625
9482
3249
9871
6325
1150
1238
484
8578
3383
7557
9298
8153
809
128
7234
2171
7012
8475
7826
6629
8589
8665
530
7270
6335
436
8807
4954
4742
7694
7701
3966
5578
6805
4889
7501
9891
5565
9989
3764
4717
9619
9636
7857
788
1764
248
1206
2397
9730
2002
4452
3964
8846
5085
6188
6238
9343
3346
293
5815
3714
658
9413
8016
3677
3780
3266
4027
1083
1326
3342
1785
4610
1563
7614
4077
2830
9910
2075
5392
7874
3792
344
4006
8571
1553
7964
3945
9960
4382
8109
4826
9198
273
2119
2229
9805
2398
711
118
290
5339
8567
3882
3122
3726
9765
383
9343
1517
6333
8702
8515
2683
8970
1474
5701
9917
6399
1138
5108
485
9110
9098
6377
8418
7770
3194
5525
6143
7229
7709
893
9873
347
4781
2301
9738
7910
4077
4667
6816
3647
5432
3329
781
406
295
8102
8761
5500
8655
3272
8304
4654
3218
7228
5246
7234
2837
5489
3837
7717
9842
6528
2712
4301
7080
7155
572
4491
4152
8170
1420
8870
7108
1037
7838
6926
9485
2902
6599
4611
873
8505
1777
3697
8894
6192
8670
9607
3414
4600
5554
1661
8670
2524
2781
6374
5828
6581
9451
2643
4988
3803
3968
8426
3328
369
6917
6688
2968
2095
1368
350
3082
2136
5803
2161
9983
8755
9643
1378
6145
7307
2191
6584
8004
9887
659
6440
333
6670
6646
2531
6542
6283
4891
4369
1525
3425
9044
3934
6498
6655
9295
8854
7884
3077
8300
7363
2071
1837
4245
9426
1424
1605
3269
8235
248
7086
3741
9829
6642
6239
6761
2175
2374
7696
3420
3108
1305
2223
1536
1549
484
2146
498
2931
1677
7928
1507
5683
3399
3133
7232
7827
2093
4961
347
4612
2476
9056
7136
2193
1929
8172
9058
2564
6538
4425
8987
7824
5181
2413
8652
7386
6884
4265
6931
9358
2228
7541
9221
2286
3997
6232
8770
306
2993
7783
334
3097
8531
2380
5941
6905
1518
6830
1015
6964
1817
3786
5557
423
4009
1111
2095
5192
8662
1089
9692
339
2497
1660
1273
1379
5271
7864
6733
8609
4710
312
416
7627
8219
3446
6592
9627
6813
9143
2117
9718
4413
1456
2006
4215
3800
3595
5151
7369
6662
2684
8364
3858
2811
1363
9451
321
8126
2623
4725
3975
902
7849
5765
2142
3919
1518
687
6830
6892
600
6438
888
7957
7336
9793
2230
2317
198
3720
2240
9483
3472
1178
8405
3561
9450
5526
7477
4392
5203
4952
9731
8658
3430
6547
9315
3061
8378
3806
3855
2827
6235
168
4300
9728
7966
9286
4023
4962
7928
2514
2389
2110
6067
4869
6212
1645
2370
5061
8496
2497
2642
5229
7631
1956
4576
3732
1510
470
7272
5214
8524
663
9034
6825
3866
2037
4395
6207
9104
2882
9977
7222
3734
1764
7842
5808
6270
9980
582
2448
2613
7513
5826
1315
1231
8256
1161
2166
6750
7046
2853
5618
7146
6573
4802
3012
2184
4912
9957
9331
8197
4847
5412
6572
1097
9759
5009
8837
6020
4892
4272
6448
6292
8733
9182
7471
7977
4808
8257
4437
2508
3699
2653
8441
3107
8189
1345
6239
9162
2807
8379
496
5886
7892
4358
5798
2348
8121
8732
3744
9745
5574
4361
3749
9444
3394
4826
9558
9849
1135
4955
7433
5353
8710
5488
8177
7391
5649
2007
1887
318
7560
4145
5190
7102
4464
6006
9530
6106
7578
6861
70
3621
708
2633
9823
2961
3423
6486
7048
4737
5497
8175
8187
4652
5966
2820
569
6266
1445
8494
7341
3563
4153
4379
9262
8363
3839
1326
9499
8742
6305
1600
5169
5521
9948
4817
883
2028
8376
395
9782
8345
8067
5438
9859
3909
4561
216
5407
774
7831
3119
8534
9435
9374
5407
5425
7521
4405
2125
9502
3669
8217
8742
6710
7401
5333
8626
5380
4637
9592
2403
3750
785
8708
9868
3169
4256
9189
981
5179
3505
6550
4115
2571
713
9786
3297
4948
4105
7881
4041
8666
5705
4826
2133
1090
6480
4778
9395
2557
7144
5737
8695
4737
594
7594
9288
6097
9551
7091
7434
3883
4116
5618
9678
4364
9132
386
4778
5933
939
2896
3191
9001
7721
69
3240
4084
3039
9714
1851
6330
5203
4002
9529
2868
1185
832
8409
1263
4110
2814
4998
5945
6192
7627
2802
4008
3076
6388
9031
8855
4753
6486
3394
11
3699
1245
5489
3169
9224
4556
6862
7509
9285
2833
5674
737
8512
7862
2929
9607
6744
7030
5026
1048
5039
8995
8345
1231
8044
1183
5046
7353
5491
3080
493
9551
4756
7066
5543
9911
2335
2352
7954
5684
2719
7787
5632
8670
4619
6411
2891
6804
3924
1959
4757
9196
1819
7199
989
6939
7840
4524
9957
9772
8198
3112
1202
2977
4142
1994
9899
7031
5835
8661
3085
8055
4237
8744
8154
1331
8661
2785
4223
7133
6817
6314
4506
5691
2364
3164
7621
5923
8093
4378
9239
9496
5707
2697
773
8060
3039
6369
5043
5412
8440
3397
8610
5312
1833
5839
2914
3988
1805
147
7960
4423
9142
8818
5223
9432
3457
316
1302
7449
6794
978
8461
2483
1969
4370
6326
5380
1640
6004
2007
1784
4029
2380
1131
2586
2226
8849
3157
5235
2405
9958
4105
6566
9566
7433
5056
3410
9966
1669
7644
3452
484
366
5194
9893
6631
9448
5179
895
5628
6064
8021
213
1479
8318
9499
2255
2399
6832
3201
9079
6694
8030
321
9047
9578
2755
4220
6
2848
2480
9291
2937
9508
1883
3065
7129
5355
3606
6449
5018
8792
8084
8160
3824
5878
4458
6556
4649
6006
1520
55
7965
8917
7810
1890
7152
2534
2364
3682
1625
1422
9092
8993
1351
9087
5568
5589
7343
8497
3175
2904
9462
3922
1093
5746
1461
6478
7674
3005
9769
5680
4832
948
6362
4516
78
4312
7886
4580
2617
2556
9532
1192
9416
3097
1291
6659
8689
5269
4073
1673
8037
1126
4370
2017
8729
7593
3958
605
4705
5405
8503
5377
182
7814
2842
5356
9259
2398
7004
2064
8839
3836
8265
8295
7620
7414
2797
7514
1807
1761
1354
4990
5530
4239
470
9217
934
6638
5209
2783
6672
1756
5304
5334
7835
7830
4753
8462
8608
8172
7788
8918
6117
8903
5188
2282
6868
9810
1569
5220
9727
5907
9671
8065
5337
7409
3290
8130
3802
4054
2782
8343
4735
1867
3087
4996
4272
3008
5255
1801
7818
5165
3310
1077
1764
5676
153
511
3908
919
8098
2763
1074
2969
428
3718
3539
2505
1158
2202
9942
7579
3758
1311
2139
9520
3600
7865
9034
9281
4130
2266
1139
6212
8885
905
8305
799
7822
5505
8149
1885
7056
3117
6985
5847
7722
4700
3676
9173
5703
2417
9442
3301
6334
3723
4128
2720
7828
5420
2939
99
4342
1283
2323
1507
4995
6294
6288
5065
6608
5811
1025
1234
7101
2880
190
4885
7144
7468
6765
6312
307
7443
9946
3051
3249
8695
1278
8584
9690
4968
5395
3360
5145
5777
7028
8713
5742
5880
6517
9969
7666
751
2522
8041
7926
9758
3842
900
9502
2339
6778
9691
9894
3122
9971
5264
791
7753
4466
2443
3702
5950
5621
6302
9483
4358
254
1819
236
1737
4276
3739
8981
1320
731
994
2021
5412
6077
4862
3518
2979
5889
1367
8844
7422
4681
4214
443
9844
802
4889
6864
7802
5978
8982
7700
1080
8120
2206
2039
9939
887
2162
9663
3016
3200
7683
8055
1437
4564
1363
7767
7098
9696
9657
9289
3184
1369
9111
6102
5208
285
8285
3560
8073
8900
9770
4908
917
8758
1711
404
466
6308
5330
5604
4611
306
6190
870
9356
9711
5731
9640
497
8005
4986
3920
6845
1879
9027
5646
3352
6176
9413
6612
972
3489
3261
4204
8939
3763
3435
100
7999
2722
7733
7991
3367
1774
900
3130
3512
5816
147
3631
9956
8170
9508
4628
5038
9045
9342
6025
6912
2717
5693
5624
9430
933
304
4510
8696
2823
1200
6996
8881
9774
6406
4772
2164
4894
9493
4354
2776
3250
570
9244
7761
429
712
5033
9390
5193
2353
3420
4029
1517
7513
5743
6609
5796
4361
6905
811
3718
1374
151
1464
4367
5839
7936
1162
3851
812
5354
4108
7979
3385
8800
1070
6098
1608
8758
662
748
1958
4532
7803
9218
7172
9696
5416
2138
5304
832
6630
4842
610
2818
1360
7048
5940
7610
8619
6184
6254
2638
9924
2136
5980
3180
514
4437
9351
2015
9353
7771
5060
3310
5547
7341
9305
6036
6626
2776
6312
3683
2129
6157
9802
1459
7970
3698
5723
2113
5979
6641
2241
5872
2531
5683
7430
5149
3449
2104
8016
439
1107
4999
9049
4696
7366
4859
2133
9588
529
8458
8914
7874
409
9561
6706
3376
7021
2303
2161
4342
6559
4747
2509
7888
3362
2041
4865
5892
8349
869
410
6953
4243
8565
1415
9966
7403
4973
2862
7341
3058
3514
3790
615
7089
607
5693
8052
9489
8740
6296
4976
464
7755
2186
2349
1377
9585
2571
6718
4742
3504
1314
1050
9564
365
120
9241
9625
2596
6388
5598
2576
4611
8729
804
2232
2649
2531
8047
5519
711
968
3509
9758
7791
9254
6504
2052
6899
1374
5810
6205
5119
1013
7584
7929
6140
2510
4436
8694
6671
1086
1636
5588
4695
3348
3635
3409
3976
38
2263
8505
3988
2256
9992
9523
1040
3986
1702
7674
2557
9162
1576
6035
4212
7688
6535
2857
7414
8985
4149
8707
6554
1145
7779
4511
6270
713
3130
4570
2646
2671
3302
1156
8569
6107
8752
9585
8330
7495
5914
7023
616
5989
2634
4327
6934
3109
8131
8656
5905
2192
3633
2150
3570
9294
8582
9533
9546
7198
296
8694
8745
8797
5121
3527
7073
7264
7965
174
1056
5933
4864
3883
2173
3861
8574
2520
4992
8807
3497
7797
2439
2056
1277
9658
7090
6670
7030
6775
1811
3456
7011
7105
2077
7846
4859
6003
3311
2605
2572
741
3002
4251
647
2878
3223
9849
6536
9827
6518
1316
9861
2527
126
6904
1731
2667
2647
6961
5386
3621
1505
779
8397
5086
2961
8299
7515
3554
2403
4289
2821
6959
7584
4214
1683
8167
8173
4519
570
667
4804
3744
4230
8921
9117
7854
115
1172
2940
5805
4814
8318
751
4950
699
622
7869
6928
9873
2248
5604
5434
8613
6317
1111
2774
9915
2168
4802
6241
2205
6676
3549
287
2192
9925
4386
9151
7089
4434
8978
3278
9258
462
1625
2140
5416
7226
7193
933
8964
9079
5933
7492
2147
2500
427
1570
2702
3140
6587
9260
6457
1340
2270
4951
5294
562
1026
8488
5156
2634
4898
5720
6386
457
8850
3021
9537
9641
2601
8796
5257
9326
5770
3221
4939
2256
3832
5753
528
417
940
5919
6227
718
3041
9298
1846
2150
2072
7545
5723
6658
1875
795
322
3068
3677
6235
2848
4129
9704
4892
2543
4974
3618
5517
9739
1300
9756
5123
7896
8982
8682
2812
5815
8917
8169
461
1071
9413
4007
5850
4544
7967
9447
3154
3345
1112
8114
9603
1591
6772
5564
1781
8747
188
9812
4305
3972
463
3156
9545
7267
1733
3511
7902
2294
2545
3370
9656
397
8477
3704
6331
7421
1277
8355
9167
5210
4161
7215
9962
5060
2882
4455
2655
9677
8173
931
9435
7423
8089
458
6597
2828
2939
204
1258
787
1827
312
538
3972
7710
1854
5912
8183
1681
2234
17
6261
8183
2407
3718
6089
1352
2679
4799
7217
5621
2544
8425
1796
9785
4804
936
3795
2964
6291
9112
6880
3750
1137
1977
3296
6402
8482
7425
1887
3053
6134
1427
5722
6283
6467
1695
3769
252
1854
3813
2757
2413
4052
2113
9971
8490
1407
8029
8555
6654
1979
3363
165
1467
5990
327
8829
3209
9364
3614
4419
1583
2122
3765
4187
6805
9221
1067
5017
3952
8402
3251
8375
8785
6195
8642
7822
4310
2284
5606
4849
5895
2309
9299
1882
1771
949
7449
78
198
9000
4417
4000
6794
2995
968
9232
1548
3561
4663
7539
3765
1687
5394
9307
939
9033
978
5140
2232
4704
6016
6365
244
583
7410
8011
5621
4703
2306
