4651
4642
1815
2911
2758
729
3218
2345
2121
483
4280
190
4354
1694
4747
2046
4083
3769
1886
466
1995
4743
2296
4824
4830
1320
2016
348
453
2998
159
4716
1807
4786
4625
2626
2810
4315
192
1598
1262
777
4770
3522
3900
4980
1417
127
4111
2397
4096
3446
1655
1679
1060
2079
4146
2211
2505
4920
4010
368
2109
3679
1174
4064
129
1872
2612
3428
238
1541
3164
2453
4209
1570
3588
1470
4602
2655
1001
3711
2531
1703
3698
343
2082
48
3896
595
3968
4046
1473
3957
2106
3247
3832
4058
4909
349
2229
838
772
3629
857
3130
4165
2561
4553
71
592
3343
1269
655
1469
1559
4439
1298
3805
2153
3431
476
537
4767
3852
1499
202
4866
290
2902
2437
522
3349
3596
500
1215
1122
4074
4249
2953
870
3079
3349
3867
2986
256
3249
4626
4111
2647
1157
1954
1439
4673
1880
4095
3024
611
2467
3097
3917
3059
3478
2967
928
1782
3100
1445
1701
838
1571
4268
2011
1066
994
662
3958
551
2094
73
3785
1758
3998
4079
4055
4758
397
131
3537
4748
445
4511
3517
3960
1873
1570
4135
3599
271
2810
3064
441
2698
2536
123
1891
4183
926
3927
3561
3807
609
1076
2780
2643
3489
3600
1689
285
3472
3806
825
4228
4396
2164
3330
4754
1418
2406
4888
549
3782
4939
321
4136
1395
4968
2102
1583
477
3861
2597
1871
3911
1479
3878
689
1561
120
4768
2467
4879
935
2231
4931
3841
4007
4871
2945
3983
4
4292
974
4498
1335
2159
908
2850
4958
431
3262
3615
3255
2299
4021
2939
4162
3428
2926
3572
3037
75
630
3712
109
203
4216
2777
1813
3237
3348
4123
2270
2463
3270
3299
2904
3951
2410
1038
4857
216
3535
3790
498
3427
2008
2727
1673
4713
1693
4333
2308
3065
3368
1476
3525
1598
67
2069
3691
1271
2393
1063
2977
3810
3937
3041
1967
667
2868
3957
4214
436
685
1499
3859
3786
3258
2041
4406
1530
3362
2181
2187
3284
797
1928
824
2427
2427
1438
2355
2240
1778
4813
238
3119
3044
214
3289
4355
4887
4393
3676
2830
4922
1828
2394
1636
3455
4382
1273
1821
3389
2625
466
3026
4669
2547
4263
4131
4279
3539
4064
2481
1833
4303
686
1821
3791
802
1306
2066
2741
3214
3906
1616
675
2371
4645
1905
2133
1466
877
1930
3085
3536
1499
2903
3186
2046
4076
2722
3318
550
75
1497
2010
3586
2082
1003
2664
3574
1467
2427
3844
3846
2028
2342
2616
1140
2098
510
4773
695
1480
419
2949
334
2964
4813
660
821
2270
3094
639
4534
3166
3580
3508
2951
838
1344
3072
1133
2520
150
2038
2173
1858
3481
3894
882
2298
412
2727
88
4277
2032
1837
4918
165
1483
2674
1068
239
1601
2870
123
19
2323
1276
1694
861
1138
2407
1462
624
1872
1144
2868
4746
1009
2490
1256
3594
1456
356
233
4841
4647
3528
882
781
1980
1218
2738
4207
3604
1398
2488
133
4490
3385
4847
1775
1494
4841
3674
1080
1493
824
4751
1481
4169
1893
415
2055
4280
635
2203
1601
129
437
3455
2552
4226
737
4281
3900
4914
4577
2249
2693
4251
1176
4470
3691
2818
4505
721
2446
2555
906
1856
726
3394
1875
1298
588
2263
3611
615
1204
1482
3655
4436
1928
1160
1180
971
562
4845
1154
757
2929
1370
3409
4507
2751
131
475
3230
2882
3670
3685
394
4291
2707
3816
1211
4264
2761
536
3388
3306
4323
2722
275
1557
1324
1106
1338
3828
2886
1095
4917
142
2550
2269
1047
945
1151
3556
2865
4869
3210
1281
1244
3906
3409
1990
387
2730
1652
2791
2877
1140
3931
4665
2075
2402
3031
1834
796
2463
1043
4741
2014
566
4969
2685
2225
859
4558
652
4039
3878
1435
2823
933
3154
3291
3332
2485
2476
4706
2790
989
3510
4795
1119
902
2640
3395
2741
2220
209
3390
2490
2464
1041
2173
2776
1898
298
2799
1571
4892
705
2699
1514
216
2229
2414
632
3805
166
2216
1173
3582
1356
4244
2109
2614
2786
1816
3468
1877
1818
4868
1866
3203
3741
2894
4207
1928
3078
4198
2818
3422
776
2363
2221
1
872
2145
3160
2069
4976
3810
90
1233
1226
89
2830
3457
1306
359
4561
2152
1909
915
3532
363
751
3289
2243
2011
4319
3366
1224
1190
2548
4325
2511
1343
3989
2844
2780
1628
106
1293
2641
4847
4597
1733
3987
4765
2661
388
3866
3346
1315
4110
4053
2588
4277
2461
4666
1585
3334
2136
3803
3289
4738
1651
3083
269
4745
1131
4895
1824
4334
2322
3951
164
4809
1149
4283
962
3529
1365
2836
3259
1596
1466
923
4230
2778
2200
2103
1973
2581
3090
2482
3864
2490
1531
973
4522
276
2339
487
4205
4091
1047
1881
1423
1788
2456
3139
3205
3223
4046
1187
722
1744
1039
3839
4457
2395
3315
4256
1570
1873
3238
3555
2297
3267
1926
2388
2641
468
2699
4500
4052
998
4551
1840
2499
3874
1484
3822
1844
629
4273
918
2150
1795
1379
2180
1722
3455
1535
2420
4038
4374
1936
4982
2527
2157
2292
2104
3765
4947
1777
2353
301
4053
497
901
2016
1557
3990
1192
4529
4698
2835
1343
3633
1768
1073
1602
492
2986
119
4850
450
249
3023
470
4583
2943
1725
4048
4376
2081
4841
1719
4239
3016
1252
4967
4704
2436
1761
2735
2012
176
1416
2685
2542
4284
4301
3278
572
1202
1347
2288
4728
683
520
3994
4140
2826
1424
4660
4806
4292
4658
1121
2582
2798
2905
583
1229
1347
1082
62
893
242
93
3150
4428
3638
4227
719
532
3795
4934
1012
2962
677
4211
3941
2846
586
3807
2955
2001
2439
2912
1808
1252
1077
3926
694
1948
1923
3692
732
4167
4396
4889
1955
1134
4213
386
3585
2723
3365
4862
2612
2577
2853
3965
3652
690
399
4469
2954
4230
751
3011
3989
209
3331
1411
1430
3202
4874
1470
4391
443
4145
257
4443
4581
1044
2000
3653
2543
3136
2729
2386
3956
304
3661
3904
2854
905
2612
2033
4928
2015
82
4551
746
3981
829
2432
4462
556
141
683
4112
2829
3191
4908
1761
2671
137
3912
2132
3757
3844
4630
2194
2713
4262
4728
4333
4252
4142
1204
1317
3120
4659
4798
387
2151
3522
2196
4886
305
1382
908
2457
1592
292
3343
1123
1760
1205
3045
2200
4223
669
2892
2202
4621
1288
1741
251
963
3766
4099
604
2649
27
2628
55
731
2769
4315
4325
464
1264
1912
360
4832
129
4371
2680
3620
1619
3514
2272
4067
4063
1235
4155
968
993
3617
1732
3410
1274
579
2563
1584
1432
2559
1328
2741
1419
4770
1722
4326
4042
3970
4159
738
3873
1018
4292
3415
179
1985
2608
461
1178
3003
1968
3698
3324
1862
2197
1425
2471
2412
1826
2722
2764
67
4132
1330
1556
2292
3123
3146
1474
4980
3692
2713
935
4683
1394
305
2521
2765
3739
1712
4519
1039
2985
4958
3044
2944
389
1851
4124
2590
3319
730
2481
2295
2154
2948
730
1945
3464
4465
2979
1017
4285
3551
0
2454
380
1867
4182
177
3131
4769
2082
2397
1140
3410
4677
3217
1128
4863
4213
2566
3795
4171
1417
2147
1598
1562
2467
3577
2991
1576
2053
2692
186
4099
3293
4
2539
4960
3504
2623
122
4168
4706
337
927
4852
3971
4558
1761
4140
1035
1783
2479
4080
2796
1605
1610
2864
3487
2291
3565
2106
1656
2701
304
1756
900
4695
1104
1151
2006
1195
3549
3212
3348
1910
4636
4995
862
664
3035
1469
284
1801
995
367
4089
779
3329
2194
1832
3640
4306
3987
3046
2661
4174
209
2795
2067
4574
1729
3249
2552
3853
3897
3772
3553
2898
3252
3188
2591
3299
1803
4539
1473
3443
3450
1739
3606
3793
2269
4043
3525
509
4429
2985
1010
2724
922
3982
3595
863
1125
3180
3935
2147
4203
15
3805
1931
1527
2600
2721
1388
3102
1004
4433
2027
3802
4634
435
1914
3744
3115
2325
1146
2029
1792
2665
4467
4790
3412
3393
2626
2263
1435
4810
2506
2454
3473
2320
4546
3253
1203
1446
695
4560
772
4455
109
3986
4636
1141
2163
3528
2419
4829
4544
2984
1798
1183
2696
395
3579
2117
4111
647
2826
2810
1806
3917
1942
3551
1260
2713
741
1129
2023
3415
2019
4992
4362
4712
2617
3585
4599
3087
4392
1770
2303
263
233
567
2117
686
622
3074
4362
2517
1570
1647
4553
3755
1835
845
4550
1600
2238
2509
4104
1366
3273
1451
3540
251
2746
4335
4851
602
2183
1796
3743
839
1251
4698
504
3924
2287
2895
573
1052
237
277
4617
1539
4251
3562
1907
786
3097
4742
4791
3727
3100
897
2105
2917
1616
3233
2388
4119
2643
1223
4178
895
87
764
1558
4263
1716
2
3399
630
4294
4240
1119
1490
2570
3774
3151
4920
2381
2116
344
3946
4971
943
1525
3091
4861
3232
1023
3890
1106
4546
1863
27
2652
552
3683
4409
638
4180
4844
2689
3362
1328
264
3615
41
3533
4454
404
4345
1725
2649
2844
4221
1479
1542
4709
3959
1815
3060
1088
425
1422
2570
4519
3396
2952
3887
4869
2630
318
4927
3323
1303
4510
894
2791
520
1832
140
2285
2023
3665
4594
3872
1947
1322
4659
780
1516
4064
4028
3682
527
2827
3862
1646
2042
3298
4275
1892
4152
3509
4397
666
2921
2989
3168
924
424
4382
4893
4277
3598
4973
270
1707
3432
521
4925
4560
2758
4728
4526
582
2012
1020
3148
810
408
1332
1388
2578
1831
847
2293
2092
4958
2744
2212
647
1979
2636
4164
604
2372
4392
3368
3143
20
2912
3140
3511
577
3519
4652
3661
4277
3791
1018
972
659
4276
943
4158
1585
2102
2401
2336
3335
951
2955
2214
401
1337
1343
2081
4465
3877
1424
3457
4575
4730
4653
1736
37
4547
2230
1359
4914
1632
3678
2355
3486
528
3710
1363
3568
4131
3651
3565
628
3592
2327
1787
2201
704
4917
3526
1293
406
4756
3040
1858
1095
136
4599
1413
3723
1163
3606
4644
2384
587
4027
2140
2587
1843
1543
853
3981
3102
3741
373
3700
4470
3120
3622
1452
746
2408
2088
4333
784
1861
3323
4369
2318
2256
1072
4904
2921
1544
1336
1942
4885
908
2258
2918
87
3075
322
766
1851
414
355
1585
3578
4138
1054
3929
3120
3517
1024
1255
2150
2800
2998
2057
3110
3164
4932
348
2901
580
979
3762
2959
1658
1335
415
2493
803
4876
656
1917
223
4965
3353
1214
1475
3031
1044
38
3893
3225
4959
1176
1520
2803
4961
1675
1080
1495
4584
3873
658
315
2530
1
3976
2905
3201
2733
2951
2351
1056
2618
3661
2054
1321
1373
2989
2586
2426
4731
750
2042
4652
2506
1094
1291
69
2749
337
2431
3958
3894
947
868
1687
737
3502
1287
4985
705
2725
101
1539
4304
3052
4441
130
410
2719
746
4556
3805
2911
1718
2350
4576
4031
2006
3582
1375
2370
1729
730
1075
2181
842
3454
1249
2565
4680
2125
1586
2204
518
3166
2902
2539
2904
4995
1704
603
711
2743
2838
1011
3838
3042
1783
2403
2813
4801
2587
2026
3914
1596
521
2035
3155
528
1639
583
3670
483
478
3937
2692
3162
3913
4021
2100
2569
1959
1216
2974
3519
3428
691
1773
2738
1742
2149
4048
2883
2829
2278
1930
3116
1685
493
1422
1315
806
1366
694
2549
2075
2047
4576
3423
112
4871
2241
476
3542
2197
2342
1849
2493
263
1125
2531
1717
1309
4362
2603
4282
2355
3539
988
4531
2348
4557
3202
547
3986
3268
2220
652
280
3718
1259
1185
3938
3953
4292
3510
611
4201
653
3845
2408
721
92
3336
2976
2253
1823
3422
1018
1967
4726
1666
2374
1742
449
594
546
3566
637
3687
1201
958
3813
4166
1206
2417
3945
4286
1934
3798
257
4716
1431
3700
778
603
4838
4237
2850
202
2471
2432
3079
2982
1619
3700
1814
3797
3050
976
1921
503
3282
3005
2374
3331
1583
1502
2993
3815
4039
203
2182
3626
4530
4292
3333
4942
3588
2862
3788
3044
1306
4838
1190
3056
4863
872
2625
192
827
322
4838
4603
992
2031
64
620
4761
3631
281
2265
3796
3946
1495
334
257
1867
3335
1884
3288
4582
273
418
681
605
3958
3347
4032
1168
563
4907
249
3644
1655
3125
2885
2888
4763
1921
1247
3003
30
1345
1002
2926
2607
139
3726
4945
2893
2653
4527
1780
3403
2365
1920
3601
3637
3344
729
4935
4628
1493
2274
1512
2384
2688
1904
77
4515
225
2732
917
2153
3393
488
3406
1504
217
1320
3921
1376
1212
1695
4397
4795
1692
4145
2212
393
4406
1887
1824
906
2624
1636
3863
2943
1917
842
2244
1660
1198
3617
2946
3011
1341
4134
4396
3346
2867
753
3389
3596
3110
4862
3763
880
1686
228
1090
837
4805
3830
590
3246
2844
4852
4248
700
2606
2683
1144
4640
1582
1825
3951
3715
3197
883
1304
753
930
493
1348
3896
3402
3392
2769
1073
2249
2583
4535
1459
3824
4206
3383
2575
4824
1042
1430
1517
2511
4039
1194
2432
4199
2022
454
4871
1136
4267
3550
1636
1423
4028
3237
1516
4674
1666
3784
2519
377
2769
1997
4521
3879
2680
3378
4527
3328
112
2386
3942
2423
4392
4317
3515
4068
738
2141
2116
54
1249
2148
4011
4148
2363
3731
4552
2255
3425
2606
4060
1201
882
4249
3591
2223
1150
4496
231
3700
4416
3531
1402
2031
560
3646
1090
1199
1328
3029
1770
1363
1481
3128
4052
4065
3298
2756
2449
3770
920
134
3489
3600
3246
4066
3993
3199
4378
3262
3286
477
378
2302
3590
2180
4396
245
3461
2292
1483
2022
3053
3151
4420
1305
1548
2225
787
4467
768
4817
4287
4599
3525
4462
4843
222
686
1074
104
2818
11
19
4019
4378
3093
1793
4051
1963
4185
1468
1734
4284
1158
570
4677
4650
4548
3268
175
3614
1681
3248
1502
2463
2495
2094
2499
757
3478
3509
4111
2865
924
1998
3298
1316
1280
1856
1813
1340
1884
2996
712
2914
3588
7
3387
2866
2888
3336
650
1003
128
3915
1296
1682
602
2486
2270
705
4140
2056
1854
2365
905
3846
4470
4092
817
569
1778
4887
1075
2350
3994
506
1049
4247
3574
2515
915
4629
4045
2122
602
3568
2368
4603
1869
3628
2784
3891
1490
416
4489
4974
2853
3400
1104
4582
1491
122
4122
2914
4913
1468
3361
2565
4367
3947
4141
4431
3537
3010
4014
4165
2564
2042
1286
3073
4664
3242
523
3215
929
750
4876
992
4405
4411
2370
909
2852
1245
3189
1944
1189
569
2489
1854
89
1147
4908
2262
4766
1624
2843
1222
3356
771
561
1540
551
1590
1957
2242
823
1354
3653
603
3134
855
3680
3326
2875
1015
2849
1583
4200
2128
127
1873
3943
2982
4634
261
4580
3
184
1769
4615
775
1573
1758
1306
4180
2034
4261
1133
1958
2559
3398
478
929
4931
4492
392
4074
3870
1651
2721
730
1295
1487
2269
3768
372
3535
3774
4655
3750
263
4995
2783
902
4057
1711
1624
3789
3110
4382
1229
1957
1163
3338
752
1837
1323
3993
2340
1101
2781
4476
3549
744
4643
2736
3276
613
4184
2890
4054
461
470
2987
2957
3645
2873
2543
3726
4316
4063
2863
718
739
2789
1120
1687
2789
3373
1809
3181
1416
2567
2108
356
3655
3691
800
4326
2198
2500
4895
1374
1477
4686
3529
1652
351
3247
1957
765
476
4012
1740
3679
1902
4824
145
2768
1906
242
4638
3381
259
715
3946
2710
4691
4032
1389
2351
1944
3348
2142
3757
3015
3141
1578
3798
1034
3302
4352
3758
1186
1498
796
3325
2328
3365
905
78
240
4940
3812
984
2949
2907
2029
1193
2940
2656
1797
991
1893
4778
693
2132
4971
1926
3173
1092
2963
198
1666
4584
3962
2041
2808
1441
2457
2490
2695
1484
3018
3634
2106
3996
182
1503
1603
4176
83
4479
4814
2372
4036
3814
522
1911
4313
3389
3381
4473
1948
3488
2058
4897
1247
3017
3961
2044
3682
3024
1640
2718
1820
4397
4689
1367
4230
4275
193
22
3890
3873
1901
1734
3557
4708
3811
4622
2868
1954
3192
3193
2821
179
1529
3772
1124
3977
1868
1849
4762
3751
4765
794
487
3030
1019
1698
769
2551
1934
4536
1204
3516
2572
603
4665
2002
2870
3399
4485
1492
2302
993
2208
762
1770
4900
4941
367
658
3612
1631
2533
3074
843
559
588
850
1291
1723
3175
4752
1389
696
3773
3123
1082
4422
503
4505
3335
4988
661
1140
2354
4156
3550
2288
2271
926
2542
1623
3672
4895
4322
2579
4247
4889
3904
825
3181
2259
2642
1032
2507
353
578
2247
3892
1303
3900
4403
3149
382
4967
4341
505
2101
363
1367
4899
4265
2487
3944
3410
3448
1300
4404
4844
2356
3001
4615
329
3292
2034
742
2380
4870
4498
4311
3097
1625
2050
4817
4930
54
1606
2552
425
353
1845
2028
2936
1917
66
3626
2337
1190
3005
2324
1525
148
1816
3729
4411
368
1802
2783
3502
4220
1377
127
4086
3441
2716
75
3882
2603
42
4206
1063
3366
3884
3817
2273
1548
3190
4365
4527
1663
4949
3998
4918
1335
3721
1024
1923
1051
835
227
2505
2212
3095
3870
2438
4315
61
927
3940
3200
4741
2896
119
353
2728
1341
4440
3913
3830
278
2369
3337
3964
1955
3230
2990
1767
3311
1197
2984
4355
848
4267
2281
4122
1354
2957
4907
3400
1212
683
981
4641
4686
439
4676
3483
448
3134
4110
44
3100
16
2245
1665
444
3773
2618
4100
3457
4684
768
187
3840
826
1177
3489
3413
2117
2668
4997
3228
3370
1685
2675
3792
594
1132
4921
998
2520
2659
109
3553
492
3185
2330
4387
824
2750
295
3315
3653
1479
4180
842
2361
3034
650
1356
4381
1178
1699
1003
1004
2831
992
4557
888
4457
2588
507
3769
4958
2022
1464
3596
3600
192
961
4833
4065
518
2534
2157
3308
16
3362
2735
1810
2408
3289
2908
2964
1902
801
1773
4608
2255
2632
4867
4734
3311
2119
109
2723
3345
1473
957
1596
4307
4390
235
934
3128
4820
465
2523
3759
2675
3906
3208
3523
4894
2086
336
2791
1688
1495
1473
3216
1386
55
3272
1221
4961
96
3556
3306
1216
1643
1188
541
2292
3047
4075
2504
2001
2256
3857
4322
1436
1229
2089
3503
3787
2889
1528
754
50
234
621
4252
2000
912
4111
3651
1933
435
2901
1393
4636
3142
2556
1177
2871
1969
1069
685
3805
3970
1224
3914
4582
2361
1364
2192
3783
1221
3517
170
4108
4902
1771
657
4858
3178
2568
1766
3957
964
1040
2024
530
142
66
2855
3165
524
2521
4084
323
4183
2949
78
938
3553
1739
4667
4390
3461
4078
2565
2201
284
4350
2895
4316
4727
1921
755
1725
2150
2374
3352
112
772
3775
1277
3738
22
3865
314
562
4286
3471
154
1148
1578
4463
3664
462
601
778
3990
2590
1243
933
2625
1166
3307
785
1955
2335
4205
3626
3739
4439
29
290
2984
1362
764
4340
3540
2937
2405
2703
167
1568
1812
1616
4698
176
4215
552
1576
3134
520
4274
3200
2803
930
2818
935
1403
2402
748
1801
2677
4627
1692
1397
2779
1741
4805
524
2497
4229
2002
4328
3963
2522
2305
654
4184
4998
1759
4939
396
2328
376
2305
4062
1598
2727
3944
2027
1853
3010
1910
4608
382
4493
2311
3438
3477
4586
4695
3451
388
2987
3209
1341
4435
4475
4727
951
518
1545
2884
4302
621
3288
2220
4089
2196
3549
1972
3952
3869
4089
4823
4050
330
3784
2415
110
3093
4573
1737
154
251
1291
827
2687
3240
4517
4325
2632
1089
2741
4999
4619
2888
4639
4748
2676
3369
4219
4852
1021
1799
2377
3447
907
494
238
1364
2522
3939
3840
409
54
2389
4427
4508
3922
4963
3248
177
984
447
2598
1081
98
3759
4919
1492
2784
970
1041
3681
1181
3725
663
2311
3339
4833
1838
1955
560
1420
2573
683
4185
4635
874
1890
2245
2761
3587
3079
1785
1900
729
4516
2761
4369
3108
281
4573
3233
114
2704
1900
2328
173
665
2746
3557
4180
3101
4327
2935
3498
1238
4617
201
4279
2350
1100
1453
3858
2050
1434
875
4450
1975
719
4688
3314
4056
310
1982
4757
817
3261
943
3959
2013
3778
2747
1436
1104
0
4674
3911
1629
558
76
2528
1609
1545
3427
4349
4734
4160
1532
3480
2803
3548
861
2895
3582
4968
2713
3911
4848
765
2336
4707
2499
4790
4317
1586
914
1484
126
4185
160
569
2863
1953
4684
2382
1283
1881
452
961
1028
3084
4573
2035
3295
632
1683
4622
4926
4359
2096
992
2495
998
3528
3048
240
1421
4192
658
3799
4988
850
3857
2899
3879
1963
3741
3996
1091
573
2001
3535
4532
4869
1832
2428
4932
4740
4465
2941
4150
2461
1874
4559
3239
7
215
1477
4827
3298
1029
3027
2767
2733
3880
4302
1868
1008
2403
796
1406
1902
3857
4803
1371
1430
2796
2712
1481
498
4072
1002
1202
732
1551
958
4715
134
4181
4681
2570
1542
3232
3834
4169
4982
2420
583
3848
2382
2789
410
1268
1999
460
3765
307
787
3855
3407
4374
2580
912
2926
2491
3039
1188
2072
3721
4854
4936
3640
958
2513
2880
1617
4319
1064
2133
3137
4055
3782
2820
332
4327
480
3362
412
3902
1190
4929
4256
3202
1436
2785
3037
3134
2654
1557
4589
1576
1405
166
2459
2247
4289
451
313
539
1615
4649
2867
365
126
4637
321
2722
3843
1921
3881
2106
2581
4384
4379
3587
2497
536
1521
261
4138
4110
3500
48
897
1451
4478
2882
434
4200
3033
4971
2690
3867
2541
4662
2123
4626
3129
1971
2564
994
653
1893
2261
3
4025
4984
4410
1744
4501
2993
186
673
344
1909
3768
790
2063
2219
4540
3938
3688
2924
1788
4803
1022
1922
3236
2246
3384
2795
290
836
1339
3140
575
1828
2845
3405
924
3320
2185
286
952
4754
4211
2490
3266
1551
2381
877
4625
1171
4456
230
4656
2904
4406
1119
1449
2643
1632
3252
750
870
1110
788
3253
2134
28
4949
3790
1411
3791
2448
4909
2741
3235
4362
345
3579
455
1406
1832
3040
1083
3144
3006
3015
1243
2005
3608
635
2117
3826
4990
3012
1963
2784
1300
4142
1375
750
1640
4028
3495
4256
2875
1390
1808
2588
4311
2053
2386
4386
2503
1924
1422
3580
1412
1821
2180
4287
2889
3317
2745
574
3413
2645
2871
467
2646
1690
3611
3688
1903
2310
1804
506
3527
4454
1218
2769
3372
3627
4279
2256
3432
231
2584
420
1011
3170
3086
4867
1050
1414
588
2090
4966
1548
1265
1548
2618
2738
4531
2019
185
4423
4640
3238
3307
4103
4952
2029
1868
4717
4885
1086
4079
3969
496
3021
4869
1581
3530
1853
2768
3867
1217
4600
1708
614
871
4074
150
1406
3187
2026
3709
3531
2952
3255
2438
2617
2688
1107
4760
4780
4681
1560
1836
2602
4334
2624
701
3795
1352
1330
3988
1532
922
4159
3656
2046
1495
4786
233
89
3601
4572
1571
1629
4118
1576
3601
4800
2501
4007
3033
4913
321
2668
4016
4617
1642
1488
1140
2431
3079
1136
3680
139
2140
1194
4162
4130
2305
4062
2740
866
1668
4030
2077
824
1543
4356
807
4981
1966
4645
4897
1873
565
3032
1208
2765
1949
2447
2740
4470
815
2313
3198
3553
4912
1357
902
1728
4474
1547
2988
2250
4402
2603
2222
424
4151
1078
2952
2815
3566
4933
2057
2065
2631
3898
2090
2858
104
316
3980
391
2858
4422
3917
1384
1874
4594
1870
4343
4223
1070
2829
3325
3707
4007
1268
2294
587
233
1852
1
3321
4962
4167
1589
583
1576
1272
3332
625
3089
1866
3102
762
1339
2171
2601
1111
3119
4590
62
3328
3092
2406
4223
4355
4010
722
4734
3863
1605
2939
72
1460
4388
2968
3106
4170
424
4369
1952
51
4730
4789
1605
2446
2978
1598
4598
4134
4300
4843
3076
2193
2068
335
3710
4447
706
4468
195
1378
1403
1655
4513
3788
1007
968
908
718
4924
477
4970
1639
1122
4470
3155
2688
2955
4015
2198
4099
400
3630
3225
2600
313
1844
3285
1257
3798
42
181
3147
3319
2200
2052
1644
831
2590
35
4100
4118
286
4040
4418
2662
4357
1697
3995
2172
504
2596
807
3482
3242
4293
1536
418
3429
3290
2695
2427
3724
2142
2764
442
3012
4061
4374
1936
3228
2826
3507
511
3623
1158
1441
2648
4386
2341
4352
3091
2179
2257
3798
2261
1653
3226
1048
239
4017
4042
2604
1586
4956
2825
4228
3880
2001
1001
3851
301
4296
223
3633
3746
1625
1345
3461
3899
1461
2880
4555
1732
3191
4774
968
4447
4026
250
647
1175
66
2090
2436
749
2978
4170
1542
1859
249
609
238
2484
310
164
2719
4287
4557
539
3919
540
3857
1927
3259
3954
4948
3966
1979
1261
152
4056
3050
4553
2486
1488
2832
617
4588
2838
1936
212
563
147
3787
3181
1992
3721
1136
1399
1916
2568
4076
1793
308
1844
1673
3156
2999
3084
2520
4299
1023
3367
2162
1392
3194
4619
4053
4590
1574
4562
1639
1590
233
2540
4670
4709
2113
753
3859
875
2660
2970
2590
2194
3607
696
4268
4002
4117
4907
4778
4474
4525
1859
3626
3502
4274
1310
882
1634
458
2661
4669
2205
337
621
3467
521
4118
1455
3814
4929
4625
3435
2282
4749
1025
3018
3774
1093
866
4781
3041
3345
12
1658
4953
1364
1135
407
1288
4554
4375
4099
53
4174
2886
3620
3922
1567
2799
3018
2238
2306
3365
136
2189
1904
138
4655
54
1678
3019
3046
3710
3422
2613
2749
3772
2929
4771
3295
4369
3593
1307
3464
1966
4790
128
4764
1578
2794
1180
3496
308
864
2911
2347
4775
1474
3567
3925
4074
1337
246
2195
4461
1287
4820
2119
1244
4283
1706
1257
1546
844
2473
4509
4334
3599
4077
3064
2818
2788
131
4952
4100
320
4247
1505
4833
4195
3749
2609
1833
1231
4958
3706
172
4098
30
3285
2334
4527
1624
1406
3178
3373
1579
3589
2985
1116
864
1042
4801
3575
425
4094
3784
968
4331
961
2449
2280
2849
3549
3536
4071
4320
3848
251
1847
2689
3188
2252
275
4766
3837
4605
1720
2899
3070
1336
1456
1788
1698
995
2378
3045
3960
2609
2563
630
824
308
3
4205
4759
416
4101
1714
3541
3874
2449
1144
4995
2079
2168
826
1099
4680
4400
3920
2610
4030
2656
3378
4654
2362
4356
1953
1060
907
1723
4071
3373
2617
2780
3564
1628
3475
1548
2641
2127
276
1995
1932
1449
1899
3825
1422
1725
2803
2882
255
1463
2354
1857
4390
23
2314
326
4583
3449
815
4660
59
1253
1173
1241
734
1853
4408
366
1756
2609
3172
4170
492
1792
1287
213
2144
826
3609
963
1101
956
705
4472
4755
3356
3208
2219
1782
4691
2510
1560
122
3510
3766
3350
412
3652
1158
3186
3522
93
1056
398
3275
2103
1755
4298
775
1529
1400
228
1778
4804
4773
1680
2955
3889
4060
1008
648
4884
4665
2286
1383
4100
1709
4364
3613
1037
2570
2549
3038
1553
1305
3486
217
4980
478
3969
2915
3469
495
3735
4915
2481
2762
1364
2580
1924
2706
4119
1737
1729
4563
3196
948
2768
1651
1368
1852
2488
83
1683
2270
1521
2126
4913
530
66
1022
1349
1264
441
1523
1271
1757
257
2746
4209
4907
3957
2061
4626
2893
3727
4233
4348
366
2274
4478
3540
3
1990
1384
1551
4154
1683
3311
4671
3666
710
4657
1243
1397
234
2335
3034
498
4905
185
734
3984
3145
2671
4239
2657
4291
1401
3225
4533
2168
3585
2369
112
2203
3554
3903
4736
4545
1380
2844
1443
3120
216
4056
4966
1389
925
3490
4422
3332
2355
1495
2467
1229
1644
2336
1270
3810
2307
4745
2828
4016
4269
731
4618
1595
3689
318
2182
251
1517
4670
4186
3193
3103
1046
2271
4313
3443
280
665
2429
447
2023
2391
4658
3489
4625
1224
2393
4562
736
4700
2566
3712
2717
1618
3679
4185
787
3546
1213
1196
2448
3927
594
3124
3867
19
3953
1018
360
3327
3083
273
1097
3455
4651
4850
4404
2286
3607
2128
2799
3331
4575
3709
66
87
4431
3642
1899
4084
2158
1873
1909
2227
2882
1107
887
1682
585
4247
1260
3607
4515
1277
816
4618
2031
524
1206
4417
2435
3993
3036
2648
1323
4455
4643
2864
1683
1532
4475
3737
2936
4590
3615
1650
616
1858
3805
4017
1691
2927
1538
4657
3278
3442
675
3596
3590
4195
4287
8
427
2172
856
717
883
4211
545
210
428
3989
4040
4837
2369
4760
3412
314
2296
1263
4248
4611
0
3063
4424
3283
1131
927
2067
2051
4878
3848
1481
4855
3541
26
4805
4628
4546
3846
1913
2678
2079
993
1869
1280
4232
3690
4921
1557
2125
3844
49
4583
4873
3113
2470
1449
641
4745
1377
1268
265
4899
2842
3649
4107
2001
1289
1431
141
1367
2126
2680
3432
1156
1793
2462
4074
1259
2263
3067
2761
2645
1856
4167
3660
3191
3781
3094
2359
3727
2975
2081
2196
1700
777
331
563
718
2919
3666
2736
4643
355
3509
4754
4283
1653
2534
3718
4889
4956
1147
4229
1960
318
1826
3265
4495
4749
1907
1397
1949
