600
116
35
241
180
660
517
581
856
261
820
422
233
533
840
763
612
277
55
910
643
753
805
205
320
332
693
260
400
439
102
795
392
406
589
833
565
897
645
176
740
881
743
58
799
862
210
212
166
965
84
218
885
450
752
339
379
66
88
135
495
361
999
64
224
748
279
507
637
144
836
842
330
568
381
530
902
908
594
681
905
290
927
714
80
705
755
813
363
142
954
267
420
869
145
801
873
318
624
803
680
385
666
82
571
164
640
130
24
36
823
554
281
703
641
374
978
34
777
415
205
207
786
461
839
498
614
474
981
697
282
11
613
896
770
506
800
804
107
830
311
818
411
493
158
251
279
530
224
724
890
12
128
309
27
114
663
406
876
676
73
401
448
144
283
92
361
297
956
742
52
333
995
599
938
415
714
647
84
980
757
127
494
887
504
171
821
489
151
882
273
865
27
720
922
535
363
194
826
968
160
589
300
882
850
472
809
585
672
402
7
337
215
322
688
311
974
930
646
36
16
852
862
170
104
296
295
362
577
671
146
65
48
841
633
68
769
747
493
50
287
964
259
362
185
616
629
137
919
688
941
328
34
53
698
199
708
791
944
3
997
332
910
166
771
245
834
368
133
708
652
991
613
330
594
735
828
15
163
335
162
308
154
238
280
409
76
66
853
478
800
463
863
280
706
533
355
70
580
959
719
323
291
753
981
13
679
15
339
119
562
34
802
287
888
496
554
224
672
655
291
313
939
930
226
585
22
516
572
897
95
422
877
298
627
101
934
715
334
221
950
864
970
268
474
848
462
969
892
985
998
194
764
273
858
102
4
529
482
511
705
32
954
4
588
946
993
772
430
903
309
12
509
506
763
445
814
395
531
196
536
450
76
160
672
236
722
574
325
398
153
737
814
413
550
790
49
261
191
293
991
159
235
258
330
57
965
57
596
293
503
596
632
527
16
647
232
707
38
835
732
605
67
234
411
174
789
342
459
963
471
496
883
375
425
440
402
132
725
944
44
721
680
692
355
77
260
690
56
233
663
622
38
339
443
356
66
829
84
495
306
726
19
236
690
23
282
878
967
830
601
961
11
751
824
524
426
840
852
242
986
459
370
973
66
697
512
720
89
255
475
815
218
246
206
692
43
727
270
859
645
768
779
986
228
122
135
493
321
517
27
872
731
323
85
758
363
946
777
233
565
647
918
104
125
400
218
109
418
143
234
971
128
72
285
986
979
617
541
901
380
946
309
353
140
70
730
190
701
942
739
558
667
229
868
768
77
957
375
42
757
657
649
341
430
781
990
253
841
820
82
953
697
966
412
438
537
535
795
82
174
485
554
479
4
59
933
93
955
419
210
150
242
293
885
784
513
588
725
561
535
691
984
307
313
902
887
908
625
374
9
923
569
389
764
933
946
804
250
531
277
915
170
74
457
701
148
64
131
985
400
9
776
985
362
681
57
884
584
860
883
99
863
263
997
994
981
875
276
634
707
48
805
610
198
232
155
232
651
449
255
782
669
409
115
577
653
802
213
286
473
336
850
283
2
249
551
400
923
681
853
307
919
797
849
79
227
414
591
570
153
948
214
392
334
15
377
782
938
984
100
497
608
299
55
635
49
662
724
193
462
197
106
909
682
712
49
248
238
388
534
890
313
457
397
347
264
676
656
388
764
323
431
439
73
195
382
943
720
170
895
494
357
6
767
223
647
185
437
378
303
283
937
117
513
980
35
697
896
946
289
248
376
899
134
631
293
639
530
492
360
188
782
597
307
564
726
604
247
402
574
335
513
18
198
419
497
570
502
953
307
161
97
168
873
954
391
740
860
839
798
384
494
620
262
680
495
917
297
26
790
817
35
29
811
177
259
74
470
277
495
27
841
391
686
206
545
183
822
931
141
613
134
679
484
92
235
143
584
204
648
515
617
361
559
875
512
958
119
191
31
114
209
752
845
252
194
13
363
762
191
409
719
789
772
224
980
287
623
980
698
615
351
326
503
832
593
350
245
750
955
388
217
799
794
207
357
724
17
996
789
556
930
181
667
668
200
361
704
589
51
221
104
497
344
949
694
374
806
696
872
61
187
736
491
651
353
632
577
637
588
350
903
658
724
377
527
785
180
841
299
486
622
664
847
334
106
497
925
317
733
945
481
364
853
598
240
453
24
80
310
669
211
299
196
227
940
2
977
297
0
973
273
196
412
20
154
543
27
774
398
824
745
846
613
420
265
761
268
414
223
665
830
191
387
116
41
917
919
923
337
427
671
771
815
409
772
430
371
775
